# freq, loss
4.000244100000e+01 1.111434057736e+01
4.005127000000e+01 1.070287612780e+01
4.010009800000e+01 1.029509109060e+01
4.014892600000e+01 9.891537133600e+00
4.019775400000e+01 9.492781252598e+00
4.024658200000e+01 9.099395244579e+00
4.029541000000e+01 8.711953045818e+00
4.034423800000e+01 8.331027467526e+00
4.039306600000e+01 7.957186346400e+00
4.044189500000e+01 7.590980736559e+00
4.049072300000e+01 7.232969894953e+00
4.053955100000e+01 6.883671039515e+00
4.058837900000e+01 6.543584050132e+00
4.063720700000e+01 6.213178328125e+00
4.068603500000e+01 5.892887307278e+00
4.073486300000e+01 5.583103209530e+00
4.078369100000e+01 5.284172218302e+00
4.083252000000e+01 4.996384455434e+00
4.088134800000e+01 4.719993810283e+00
4.093017600000e+01 4.455179899170e+00
4.097900400000e+01 4.202070140341e+00
4.102783200000e+01 3.960732996666e+00
4.107666000000e+01 3.731178226881e+00
4.112548800000e+01 3.513358111730e+00
4.117431600000e+01 3.307169595300e+00
4.122314500000e+01 3.112453380219e+00
4.127197300000e+01 2.929013320488e+00
4.132080100000e+01 2.756596760893e+00
4.136962900000e+01 2.594915419054e+00
4.141845700000e+01 2.443646279764e+00
4.146728500000e+01 2.302436754108e+00
4.151611300000e+01 2.170909869619e+00
4.156494100000e+01 2.048669375800e+00
4.161377000000e+01 1.935302431870e+00
4.166259800000e+01 1.830393365988e+00
4.171142600000e+01 1.733514084440e+00
4.176025400000e+01 1.644237481965e+00
4.180908200000e+01 1.562138578172e+00
4.185791000000e+01 1.486797646760e+00
4.190673800000e+01 1.417802924736e+00
4.195556600000e+01 1.354752910599e+00
4.200439500000e+01 1.297257145608e+00
4.205322300000e+01 1.244942343310e+00
4.210205100000e+01 1.197446528591e+00
4.215087900000e+01 1.154424733576e+00
4.219970700000e+01 1.115548367011e+00
4.224853500000e+01 1.080505570308e+00
4.229736300000e+01 1.049001358964e+00
4.234619100000e+01 1.020757579777e+00
4.239502000000e+01 9.955122244183e-01
4.244384800000e+01 9.730211078162e-01
4.249267600000e+01 9.530543407487e-01
4.254150400000e+01 9.353979368271e-01
4.259033200000e+01 9.198526848312e-01
4.263916000000e+01 9.062335203629e-01
4.268798800000e+01 8.943688645816e-01
4.273681600000e+01 8.840999425753e-01
4.278564500000e+01 8.752799252814e-01
4.283447300000e+01 8.677739298888e-01
4.288330100000e+01 8.614572546581e-01
4.293212900000e+01 8.562154548026e-01
4.298095700000e+01 8.519434919759e-01
4.302978500000e+01 8.485450999132e-01
4.307861300000e+01 8.459321740906e-01
4.312744100000e+01 8.440241874739e-01
4.317627000000e+01 8.427476136276e-01
4.322509800000e+01 8.420354898338e-01
4.327392600000e+01 8.418267626662e-01
4.332275400000e+01 8.420659329768e-01
4.337158200000e+01 8.427025811809e-01
4.342041000000e+01 8.436909528586e-01
4.346923800000e+01 8.449895715608e-01
4.351806600000e+01 8.465608779284e-01
4.356689500000e+01 8.483709334175e-01
4.361572300000e+01 8.503889557152e-01
4.366455100000e+01 8.525872538133e-01
4.371337900000e+01 8.549408174621e-01
4.376220700000e+01 8.574271062329e-01
4.381103500000e+01 8.600258233646e-01
4.385986300000e+01 8.627187079532e-01
4.390869100000e+01 8.654893443310e-01
4.395752000000e+01 8.683230460981e-01
4.400634800000e+01 8.712064631006e-01
4.405517600000e+01 8.741277843957e-01
4.410400400000e+01 8.770763743702e-01
4.415283200000e+01 8.800427094513e-01
4.420166000000e+01 8.830182684548e-01
4.425048800000e+01 8.859954331443e-01
4.429931600000e+01 8.889673981921e-01
4.434814500000e+01 8.919281502592e-01
4.439697300000e+01 8.948721521931e-01
4.444580100000e+01 8.977946407718e-01
4.449462900000e+01 9.006913241821e-01
4.454345700000e+01 9.035583892156e-01
4.459228500000e+01 9.063924531872e-01
4.464111300000e+01 9.091905208423e-01
4.468994100000e+01 9.119499457853e-01
4.473877000000e+01 9.146684512379e-01
4.478759800000e+01 9.173438773890e-01
4.483642600000e+01 9.199744880363e-01
4.488525400000e+01 9.225587225221e-01
4.493408200000e+01 9.250952300394e-01
4.498291000000e+01 9.275828502346e-01
4.503173800000e+01 9.300205959516e-01
4.508056600000e+01 9.324076378825e-01
4.512939500000e+01 9.347433382176e-01
4.517822300000e+01 9.370270482055e-01
4.522705100000e+01 9.392583843496e-01
4.527587900000e+01 9.414370263449e-01
4.532470700000e+01 9.435627568110e-01
4.537353500000e+01 9.456354535631e-01
4.542236300000e+01 9.476550826700e-01
4.547119100000e+01 9.496216921985e-01
4.552002000000e+01 9.515354452059e-01
4.556884800000e+01 9.533964589095e-01
4.561767600000e+01 9.552050351409e-01
4.566650400000e+01 9.569614981804e-01
4.571533200000e+01 9.586662305069e-01
4.576416000000e+01 9.603196690971e-01
4.581298800000e+01 9.619223019655e-01
4.586181600000e+01 9.634746649106e-01
4.591064500000e+01 9.649773687090e-01
4.595947300000e+01 9.664309741092e-01
4.600830100000e+01 9.678361736644e-01
4.605712900000e+01 9.691936649430e-01
4.610595700000e+01 9.705041792198e-01
4.615478500000e+01 9.717684789688e-01
4.620361300000e+01 9.729873554306e-01
4.625244100000e+01 9.741616262459e-01
4.630127000000e+01 9.752921558600e-01
4.635009800000e+01 9.763797615610e-01
4.639892600000e+01 9.774253501738e-01
4.644775400000e+01 9.784298224271e-01
4.649658200000e+01 9.793940944567e-01
4.654541000000e+01 9.803190957602e-01
4.659423800000e+01 9.812057672019e-01
4.664306600000e+01 9.820550590700e-01
4.669189500000e+01 9.828679454657e-01
4.674072300000e+01 9.836453566254e-01
4.678955100000e+01 9.843882769938e-01
4.683837900000e+01 9.850976761858e-01
4.688720700000e+01 9.857745243372e-01
4.693603500000e+01 9.864197904984e-01
4.698486300000e+01 9.870344410901e-01
4.703369100000e+01 9.876194384221e-01
4.708252000000e+01 9.881757503830e-01
4.713134800000e+01 9.887043041079e-01
4.718017600000e+01 9.892060530235e-01
4.722900400000e+01 9.896819294949e-01
4.727783200000e+01 9.901328553603e-01
4.732666000000e+01 9.905597408510e-01
4.737548800000e+01 9.909634835800e-01
4.742431600000e+01 9.913449675978e-01
4.747314500000e+01 9.917050696792e-01
4.752197300000e+01 9.920446294570e-01
4.757080100000e+01 9.923644929026e-01
4.761962900000e+01 9.926654817348e-01
4.766845700000e+01 9.929484003998e-01
4.771728500000e+01 9.932140355245e-01
4.776611300000e+01 9.934631554313e-01
4.781494100000e+01 9.936965097146e-01
4.786377000000e+01 9.939148331972e-01
4.791259800000e+01 9.941188280481e-01
4.796142600000e+01 9.943091903350e-01
4.801025400000e+01 9.944865916499e-01
4.805908200000e+01 9.946516835844e-01
4.810791000000e+01 9.948050976305e-01
4.815673800000e+01 9.949474451300e-01
4.820556600000e+01 9.950793172679e-01
4.825439500000e+01 9.952012875094e-01
4.830322300000e+01 9.953139018893e-01
4.835205100000e+01 9.954176940983e-01
4.840087900000e+01 9.955131754530e-01
4.844970700000e+01 9.956008376789e-01
4.849853500000e+01 9.956811531269e-01
4.854736300000e+01 9.957545750201e-01
4.859619100000e+01 9.958215377270e-01
4.864502000000e+01 9.958824582493e-01
4.869384800000e+01 9.959377316780e-01
4.874267600000e+01 9.959877390098e-01
4.879150400000e+01 9.960328424054e-01
4.884033200000e+01 9.960733868767e-01
4.888916000000e+01 9.961097006816e-01
4.893798800000e+01 9.961420957323e-01
4.898681600000e+01 9.961708680159e-01
4.903564500000e+01 9.961962985127e-01
4.908447300000e+01 9.962186516217e-01
4.913330100000e+01 9.962381787227e-01
4.918212900000e+01 9.962551164830e-01
4.923095700000e+01 9.962696878676e-01
4.927978500000e+01 9.962821025975e-01
4.932861300000e+01 9.962925576101e-01
4.937744100000e+01 9.963012375200e-01
4.942627000000e+01 9.963083152089e-01
4.947509800000e+01 9.963139517370e-01
4.952392600000e+01 9.963182976638e-01
4.957275400000e+01 9.963214928913e-01
4.962158200000e+01 9.963236672722e-01
4.967041000000e+01 9.963249410524e-01
4.971923800000e+01 9.963254253074e-01
4.976806600000e+01 9.963252223714e-01
4.981689500000e+01 9.963244262380e-01
4.986572300000e+01 9.963231230523e-01
4.991455100000e+01 9.963213914163e-01
4.996337900000e+01 9.963193028411e-01
5.001220700000e+01 9.963169221244e-01
5.006103500000e+01 9.963143077287e-01
5.010986300000e+01 9.963115121494e-01
5.015869100000e+01 9.963085822731e-01
5.020752000000e+01 9.963055596621e-01
5.025634800000e+01 9.963024811411e-01
5.030517600000e+01 9.962993787506e-01
5.035400400000e+01 9.962962803082e-01
5.040283200000e+01 9.962932096520e-01
5.045166000000e+01 9.962901869325e-01
5.050048800000e+01 9.962872288949e-01
5.054931600000e+01 9.962843491490e-01
5.059814500000e+01 9.962815583724e-01
5.064697300000e+01 9.962788647852e-01
5.069580100000e+01 9.962762740437e-01
5.074462900000e+01 9.962737896974e-01
5.079345700000e+01 9.962714133458e-01
5.084228500000e+01 9.962691448427e-01
5.089111300000e+01 9.962669824902e-01
5.093994100000e+01 9.962649232222e-01
5.098877000000e+01 9.962629627380e-01
5.103759800000e+01 9.962610958242e-01
5.108642600000e+01 9.962593162675e-01
5.113525400000e+01 9.962576171601e-01
5.118408200000e+01 9.962559909936e-01
5.123291000000e+01 9.962544297839e-01
5.128173800000e+01 9.962529251870e-01
5.133056600000e+01 9.962514686071e-01
5.137939500000e+01 9.962500512668e-01
5.142822300000e+01 9.962486644136e-01
5.147705100000e+01 9.962472992293e-01
5.152587900000e+01 9.962459470222e-01
5.157470700000e+01 9.962445992665e-01
5.162353500000e+01 9.962432476632e-01
5.167236300000e+01 9.962418841954e-01
5.172119100000e+01 9.962405011764e-01
5.177002000000e+01 9.962390912627e-01
5.181884800000e+01 9.962376476066e-01
5.186767600000e+01 9.962361637138e-01
5.191650400000e+01 9.962346335840e-01
5.196533200000e+01 9.962330517029e-01
5.201416000000e+01 9.962314130583e-01
5.206298800000e+01 9.962297131512e-01
5.211181600000e+01 9.962279480040e-01
5.216064500000e+01 9.962261141250e-01
5.220947300000e+01 9.962242086608e-01
5.225830100000e+01 9.962222291670e-01
5.230712900000e+01 9.962201737510e-01
5.235595700000e+01 9.962180410260e-01
5.240478500000e+01 9.962158300989e-01
5.245361300000e+01 9.962135405562e-01
5.250244100000e+01 9.962111724483e-01
5.255127000000e+01 9.962087262199e-01
5.260009800000e+01 9.962062028926e-01
5.264892600000e+01 9.962036037428e-01
5.269775400000e+01 9.962009304785e-01
5.274658200000e+01 9.961981851662e-01
5.279541000000e+01 9.961953702066e-01
5.284423800000e+01 9.961924883093e-01
5.289306600000e+01 9.961895424679e-01
5.294189500000e+01 9.961865358711e-01
5.299072300000e+01 9.961834721246e-01
5.303955100000e+01 9.961803548554e-01
5.308837900000e+01 9.961771879305e-01
5.313720700000e+01 9.961739753701e-01
5.318603500000e+01 9.961707213222e-01
5.323486300000e+01 9.961674300372e-01
5.328369100000e+01 9.961641058435e-01
5.333252000000e+01 9.961607530543e-01
5.338134800000e+01 9.961573762196e-01
5.343017600000e+01 9.961539796920e-01
5.347900400000e+01 9.961505678786e-01
5.352783200000e+01 9.961471451522e-01
5.357666000000e+01 9.961437158317e-01
5.362548800000e+01 9.961402841631e-01
5.367431600000e+01 9.961368543023e-01
5.372314500000e+01 9.961334302278e-01
5.377197300000e+01 9.961300160064e-01
5.382080100000e+01 9.961266153578e-01
5.386962900000e+01 9.961232319222e-01
5.391845700000e+01 9.961198691780e-01
5.396728500000e+01 9.961165304316e-01
5.401611300000e+01 9.961132188074e-01
5.406494100000e+01 9.961099372396e-01
5.411377000000e+01 9.961066883987e-01
5.416259800000e+01 9.961034749511e-01
5.421142600000e+01 9.961002991545e-01
5.426025400000e+01 9.960971631216e-01
5.430908200000e+01 9.960940687496e-01
5.435791000000e+01 9.960910177192e-01
5.440673800000e+01 9.960880114936e-01
5.445556600000e+01 9.960850513185e-01
5.450439500000e+01 9.960821381648e-01
5.455322300000e+01 9.960792729677e-01
5.460205100000e+01 9.960764562719e-01
5.465087900000e+01 9.960736884751e-01
5.469970700000e+01 9.960709697723e-01
5.474853500000e+01 9.960683001608e-01
5.479736300000e+01 9.960656794463e-01
5.484619100000e+01 9.960631072493e-01
5.489502000000e+01 9.960605829610e-01
5.494384800000e+01 9.960581059564e-01
5.499267600000e+01 9.960556752925e-01
5.504150400000e+01 9.960532899244e-01
5.509033200000e+01 9.960509486616e-01
5.513916000000e+01 9.960486501775e-01
5.518798800000e+01 9.960463930184e-01
5.523681600000e+01 9.960441756134e-01
5.528564500000e+01 9.960419962395e-01
5.533447300000e+01 9.960398532096e-01
5.538330100000e+01 9.960377446142e-01
5.543212900000e+01 9.960356685110e-01
5.548095700000e+01 9.960336228899e-01
5.552978500000e+01 9.960316056824e-01
5.557861300000e+01 9.960296147719e-01
5.562744100000e+01 9.960276480030e-01
5.567627000000e+01 9.960257031517e-01
5.572509800000e+01 9.960237780934e-01
5.577392600000e+01 9.960218705731e-01
5.582275400000e+01 9.960199783739e-01
5.587158200000e+01 9.960180992857e-01
5.592041000000e+01 9.960162311132e-01
5.596923800000e+01 9.960143716840e-01
5.601806600000e+01 9.960125188561e-01
5.606689500000e+01 9.960106704872e-01
5.611572300000e+01 9.960088245931e-01
5.616455100000e+01 9.960069791267e-01
5.621337900000e+01 9.960051321357e-01
5.626220700000e+01 9.960032817302e-01
5.631103500000e+01 9.960014260879e-01
5.635986300000e+01 9.959995634588e-01
5.640869100000e+01 9.959976921695e-01
5.645752000000e+01 9.959958105884e-01
5.650634800000e+01 9.959939172836e-01
5.655517600000e+01 9.959920107941e-01
5.660400400000e+01 9.959900897872e-01
5.665283200000e+01 9.959881530212e-01
5.670166000000e+01 9.959861993478e-01
5.675048800000e+01 9.959842277130e-01
5.679931600000e+01 9.959822371579e-01
5.684814500000e+01 9.959802267780e-01
5.689697300000e+01 9.959781958883e-01
5.694580100000e+01 9.959761437758e-01
5.699462900000e+01 9.959740698634e-01
5.704345700000e+01 9.959719736678e-01
5.709228500000e+01 9.959698547979e-01
5.714111300000e+01 9.959677129536e-01
5.718994100000e+01 9.959655479238e-01
5.723877000000e+01 9.959633595388e-01
5.728759800000e+01 9.959611478480e-01
5.733642600000e+01 9.959589128478e-01
5.738525400000e+01 9.959566546582e-01
5.743408200000e+01 9.959543734743e-01
5.748291000000e+01 9.959520695638e-01
5.753173800000e+01 9.959497432627e-01
5.758056600000e+01 9.959473949724e-01
5.762939500000e+01 9.959450251071e-01
5.767822300000e+01 9.959426342843e-01
5.772705100000e+01 9.959402230298e-01
5.777587900000e+01 9.959377919675e-01
5.782470700000e+01 9.959353417674e-01
5.787353500000e+01 9.959328731410e-01
5.792236300000e+01 9.959303868374e-01
5.797119100000e+01 9.959278836397e-01
5.802002000000e+01 9.959253643089e-01
5.806884800000e+01 9.959228297866e-01
5.811767600000e+01 9.959202808818e-01
5.816650400000e+01 9.959177184728e-01
5.821533200000e+01 9.959151434523e-01
5.826416000000e+01 9.959125567235e-01
5.831298800000e+01 9.959099591970e-01
5.836181600000e+01 9.959073517868e-01
5.841064500000e+01 9.959047353538e-01
5.845947300000e+01 9.959021109168e-01
5.850830100000e+01 9.958994793285e-01
5.855712900000e+01 9.958968414862e-01
5.860595700000e+01 9.958941982761e-01
5.865478500000e+01 9.958915505705e-01
5.870361300000e+01 9.958888992256e-01
5.875244100000e+01 9.958862450793e-01
5.880127000000e+01 9.958835888949e-01
5.885009800000e+01 9.958809315766e-01
5.889892600000e+01 9.958782738420e-01
5.894775400000e+01 9.958756164375e-01
5.899658200000e+01 9.958729600835e-01
5.904541000000e+01 9.958703054726e-01
5.909423800000e+01 9.958676532692e-01
5.914306600000e+01 9.958650041085e-01
5.919189500000e+01 9.958623585419e-01
5.924072300000e+01 9.958597172533e-01
5.928955100000e+01 9.958570807337e-01
5.933837900000e+01 9.958544494980e-01
5.938720700000e+01 9.958518240310e-01
5.943603500000e+01 9.958492047875e-01
5.948486300000e+01 9.958465921925e-01
5.953369100000e+01 9.958439866423e-01
5.958252000000e+01 9.958413884514e-01
5.963134800000e+01 9.958387980662e-01
5.968017600000e+01 9.958362157466e-01
5.972900400000e+01 9.958336417800e-01
5.977783200000e+01 9.958310764291e-01
5.982666000000e+01 9.958285199327e-01
5.987548800000e+01 9.958259725076e-01
5.992431600000e+01 9.958234343489e-01
5.997314500000e+01 9.958209055807e-01
6.002197300000e+01 9.958183864636e-01
6.007080100000e+01 9.958158770858e-01
6.011962900000e+01 9.958133775718e-01
6.016845700000e+01 9.958108880320e-01
6.021728500000e+01 9.958084085640e-01
6.026611300000e+01 9.958059392542e-01
6.031494100000e+01 9.958034801793e-01
6.036377000000e+01 9.958010313575e-01
6.041259800000e+01 9.957985929506e-01
6.046142600000e+01 9.957961649642e-01
6.051025400000e+01 9.957937474498e-01
6.055908200000e+01 9.957913404563e-01
6.060791000000e+01 9.957889440306e-01
6.065673800000e+01 9.957865582192e-01
6.070556600000e+01 9.957841830693e-01
6.075439500000e+01 9.957818185813e-01
6.080322300000e+01 9.957794649035e-01
6.085205100000e+01 9.957771220421e-01
6.090087900000e+01 9.957747900564e-01
6.094970700000e+01 9.957724690105e-01
6.099853500000e+01 9.957701589742e-01
6.104736300000e+01 9.957678600234e-01
6.109619100000e+01 9.957655722406e-01
6.114502000000e+01 9.957632956689e-01
6.119384800000e+01 9.957610304980e-01
6.124267600000e+01 9.957587767852e-01
6.129150400000e+01 9.957565346417e-01
6.134033200000e+01 9.957543041862e-01
6.138916000000e+01 9.957520855444e-01
6.143798800000e+01 9.957498788490e-01
6.148681600000e+01 9.957476842393e-01
6.153564500000e+01 9.957455018160e-01
6.158447300000e+01 9.957433318197e-01
6.163330100000e+01 9.957411743615e-01
6.168212900000e+01 9.957390296021e-01
6.173095700000e+01 9.957368977055e-01
6.177978500000e+01 9.957347788386e-01
6.182861300000e+01 9.957326731701e-01
6.187744100000e+01 9.957305808698e-01
6.192627000000e+01 9.957285020649e-01
6.197509800000e+01 9.957264370091e-01
6.202392600000e+01 9.957243858258e-01
6.207275400000e+01 9.957223486779e-01
6.212158200000e+01 9.957203257235e-01
6.217041000000e+01 9.957183171149e-01
6.221923800000e+01 9.957163229974e-01
6.226806600000e+01 9.957143435078e-01
6.231689500000e+01 9.957123787333e-01
6.236572300000e+01 9.957104288707e-01
6.241455100000e+01 9.957084939836e-01
6.246337900000e+01 9.957065741627e-01
6.251220700000e+01 9.957046694840e-01
6.256103500000e+01 9.957027800072e-01
6.260986300000e+01 9.957009057751e-01
6.265869100000e+01 9.956990468120e-01
6.270752000000e+01 9.956972030852e-01
6.275634800000e+01 9.956953746545e-01
6.280517600000e+01 9.956935614443e-01
6.285400400000e+01 9.956917633946e-01
6.290283200000e+01 9.956899804217e-01
6.295166000000e+01 9.956882124174e-01
6.300048800000e+01 9.956864592480e-01
6.304931600000e+01 9.956847207542e-01
6.309814500000e+01 9.956829967144e-01
6.314697300000e+01 9.956812869859e-01
6.319580100000e+01 9.956795912919e-01
6.324462900000e+01 9.956779093631e-01
6.329345700000e+01 9.956762409014e-01
6.334228500000e+01 9.956745855803e-01
6.339111300000e+01 9.956729430443e-01
6.343994100000e+01 9.956713129089e-01
6.348877000000e+01 9.956696947279e-01
6.353759800000e+01 9.956680881256e-01
6.358642600000e+01 9.956664925983e-01
6.363525400000e+01 9.956649076475e-01
6.368408200000e+01 9.956633327469e-01
6.373291000000e+01 9.956617673432e-01
6.378173800000e+01 9.956602108564e-01
6.383056600000e+01 9.956586626808e-01
6.387939500000e+01 9.956571221543e-01
6.392822300000e+01 9.956555886851e-01
6.397705100000e+01 9.956540615638e-01
6.402587900000e+01 9.956525400905e-01
6.407470700000e+01 9.956510235445e-01
6.412353500000e+01 9.956495111853e-01
6.417236300000e+01 9.956480022543e-01
6.422119100000e+01 9.956464959759e-01
6.427002000000e+01 9.956449915283e-01
6.431884800000e+01 9.956434881678e-01
6.436767600000e+01 9.956419850464e-01
6.441650400000e+01 9.956404813358e-01
6.446533200000e+01 9.956389761987e-01
6.451416000000e+01 9.956374687904e-01
6.456298800000e+01 9.956359582607e-01
6.461181600000e+01 9.956344437555e-01
6.466064500000e+01 9.956329243875e-01
6.470947300000e+01 9.956313993626e-01
6.475830100000e+01 9.956298677954e-01
6.480712900000e+01 9.956283288347e-01
6.485595700000e+01 9.956267816352e-01
6.490478500000e+01 9.956252253586e-01
6.495361300000e+01 9.956236591761e-01
6.500244100000e+01 9.956220822697e-01
6.505127000000e+01 9.956204938018e-01
6.510009800000e+01 9.956188930474e-01
6.514892600000e+01 9.956172792004e-01
6.519775400000e+01 9.956156515054e-01
6.524658200000e+01 9.956140092273e-01
6.529541000000e+01 9.956123516525e-01
6.534423800000e+01 9.956106780909e-01
6.539306600000e+01 9.956089878774e-01
6.544189500000e+01 9.956072803381e-01
6.549072300000e+01 9.956055549322e-01
6.553955100000e+01 9.956038110438e-01
6.558837900000e+01 9.956020481223e-01
6.563720700000e+01 9.956002656490e-01
6.568603500000e+01 9.955984631385e-01
6.573486300000e+01 9.955966401398e-01
6.578369100000e+01 9.955947962371e-01
6.583252000000e+01 9.955929310123e-01
6.588134800000e+01 9.955910441994e-01
6.593017600000e+01 9.955891354558e-01
6.597900400000e+01 9.955872045157e-01
6.602783200000e+01 9.955852511520e-01
6.607666000000e+01 9.955832751776e-01
6.612548800000e+01 9.955812764452e-01
6.617431600000e+01 9.955792548479e-01
6.622314500000e+01 9.955772102772e-01
6.627197300000e+01 9.955751427909e-01
6.632080100000e+01 9.955730523623e-01
6.636962900000e+01 9.955709390466e-01
6.641845700000e+01 9.955688029397e-01
6.646728500000e+01 9.955666441771e-01
6.651611300000e+01 9.955644629344e-01
6.656494100000e+01 9.955622594260e-01
6.661377000000e+01 9.955600338597e-01
6.666259800000e+01 9.955577866177e-01
6.671142600000e+01 9.955555179834e-01
6.676025400000e+01 9.955532283219e-01
6.680908200000e+01 9.955509180337e-01
6.685791000000e+01 9.955485875541e-01
6.690673800000e+01 9.955462373519e-01
6.695556600000e+01 9.955438679283e-01
6.700439500000e+01 9.955414797667e-01
6.705322300000e+01 9.955390735274e-01
6.710205100000e+01 9.955366497526e-01
6.715087900000e+01 9.955342090609e-01
6.719970700000e+01 9.955317520964e-01
6.724853500000e+01 9.955292795277e-01
6.729736300000e+01 9.955267920464e-01
6.734619100000e+01 9.955242903652e-01
6.739502000000e+01 9.955217751648e-01
6.744384800000e+01 9.955192472988e-01
6.749267600000e+01 9.955167074828e-01
6.754150400000e+01 9.955141564982e-01
6.759033200000e+01 9.955115951396e-01
6.763916000000e+01 9.955090242128e-01
6.768798800000e+01 9.955064445331e-01
6.773681600000e+01 9.955038569238e-01
6.778564500000e+01 9.955012621606e-01
6.783447300000e+01 9.954986611835e-01
6.788330100000e+01 9.954960547752e-01
6.793212900000e+01 9.954934437727e-01
6.798095700000e+01 9.954908290119e-01
6.802978500000e+01 9.954882113263e-01
6.807861300000e+01 9.954855915451e-01
6.812744100000e+01 9.954829704915e-01
6.817627000000e+01 9.954803489277e-01
6.822509800000e+01 9.954777277677e-01
6.827392600000e+01 9.954751077540e-01
6.832275400000e+01 9.954724896706e-01
6.837158200000e+01 9.954698742878e-01
6.842041000000e+01 9.954672623611e-01
6.846923800000e+01 9.954646546293e-01
6.851806600000e+01 9.954620518139e-01
6.856689500000e+01 9.954594545640e-01
6.861572300000e+01 9.954568636682e-01
6.866455100000e+01 9.954542797339e-01
6.871337900000e+01 9.954517033998e-01
6.876220700000e+01 9.954491352806e-01
6.881103500000e+01 9.954465759670e-01
6.885986300000e+01 9.954440260241e-01
6.890869100000e+01 9.954414859910e-01
6.895752000000e+01 9.954389563279e-01
6.900634800000e+01 9.954364376230e-01
6.905517600000e+01 9.954339302804e-01
6.910400400000e+01 9.954314347273e-01
6.915283200000e+01 9.954289513616e-01
6.920166000000e+01 9.954264805512e-01
6.925048800000e+01 9.954240226340e-01
6.929931600000e+01 9.954215779171e-01
6.934814500000e+01 9.954191466275e-01
6.939697300000e+01 9.954167291103e-01
6.944580100000e+01 9.954143255302e-01
6.949462900000e+01 9.954119360706e-01
6.954345700000e+01 9.954095608840e-01
6.959228500000e+01 9.954072000917e-01
6.964111300000e+01 9.954048537845e-01
6.968994100000e+01 9.954025220222e-01
6.973877000000e+01 9.954002047873e-01
6.978759800000e+01 9.953979021742e-01
6.983642600000e+01 9.953956141052e-01
6.988525400000e+01 9.953933405209e-01
6.993408200000e+01 9.953910813333e-01
6.998291000000e+01 9.953888364260e-01
7.003173800000e+01 9.953866056550e-01
7.008056600000e+01 9.953843888492e-01
7.012939500000e+01 9.953821857663e-01
7.017822300000e+01 9.953799962734e-01
7.022705100000e+01 9.953778200772e-01
7.027587900000e+01 9.953756569056e-01
7.032470700000e+01 9.953735064631e-01
7.037353500000e+01 9.953713684318e-01
7.042236300000e+01 9.953692424721e-01
7.047119100000e+01 9.953671282239e-01
7.052002000000e+01 9.953650252642e-01
7.056884800000e+01 9.953629332805e-01
7.061767600000e+01 9.953608518130e-01
7.066650400000e+01 9.953587804284e-01
7.071533200000e+01 9.953567186776e-01
7.076416000000e+01 9.953546660967e-01
7.081298800000e+01 9.953526222082e-01
7.086181600000e+01 9.953505865217e-01
7.091064500000e+01 9.953485584940e-01
7.095947300000e+01 9.953465376960e-01
7.100830100000e+01 9.953445235641e-01
7.105712900000e+01 9.953425155682e-01
7.110595700000e+01 9.953405131710e-01
7.115478500000e+01 9.953385158289e-01
7.120361300000e+01 9.953365229932e-01
7.125244100000e+01 9.953345341111e-01
7.130127000000e+01 9.953325485862e-01
7.135009800000e+01 9.953305659422e-01
7.139892600000e+01 9.953285855800e-01
7.144775400000e+01 9.953266069412e-01
7.149658200000e+01 9.953246294687e-01
7.154541000000e+01 9.953226526076e-01
7.159423800000e+01 9.953206758063e-01
7.164306600000e+01 9.953186985172e-01
7.169189500000e+01 9.953167201577e-01
7.174072300000e+01 9.953147402726e-01
7.178955100000e+01 9.953127582924e-01
7.183837900000e+01 9.953107736960e-01
7.188720700000e+01 9.953087859712e-01
7.193603500000e+01 9.953067946157e-01
7.198486300000e+01 9.953047991374e-01
7.203369100000e+01 9.953027990561e-01
7.208252000000e+01 9.953007938624e-01
7.213134800000e+01 9.952987831831e-01
7.218017600000e+01 9.952967665359e-01
7.222900400000e+01 9.952947434935e-01
7.227783200000e+01 9.952927136443e-01
7.232666000000e+01 9.952906765920e-01
7.237548800000e+01 9.952886319571e-01
7.242431600000e+01 9.952865793771e-01
7.247314500000e+01 9.952845184647e-01
7.252197300000e+01 9.952824489776e-01
7.257080100000e+01 9.952803705656e-01
7.261962900000e+01 9.952782829399e-01
7.266845700000e+01 9.952761858314e-01
7.271728500000e+01 9.952740789907e-01
7.276611300000e+01 9.952719621894e-01
7.281494100000e+01 9.952698352194e-01
7.286377000000e+01 9.952676978501e-01
7.291259800000e+01 9.952655500038e-01
7.296142600000e+01 9.952633914932e-01
7.301025400000e+01 9.952612221964e-01
7.305908200000e+01 9.952590420137e-01
7.310791000000e+01 9.952568508678e-01
7.315673800000e+01 9.952546487035e-01
7.320556600000e+01 9.952524354882e-01
7.325439500000e+01 9.952502111659e-01
7.330322300000e+01 9.952479758401e-01
7.335205100000e+01 9.952457295001e-01
7.340087900000e+01 9.952434722029e-01
7.344970700000e+01 9.952412040282e-01
7.349853500000e+01 9.952389250773e-01
7.354736300000e+01 9.952366354739e-01
7.359619100000e+01 9.952343353634e-01
7.364502000000e+01 9.952320248651e-01
7.369384800000e+01 9.952297042619e-01
7.374267600000e+01 9.952273737155e-01
7.379150400000e+01 9.952250334556e-01
7.384033200000e+01 9.952226837320e-01
7.388916000000e+01 9.952203248140e-01
7.393798800000e+01 9.952179569907e-01
7.398681600000e+01 9.952155805695e-01
7.403564500000e+01 9.952131958273e-01
7.408447300000e+01 9.952108032054e-01
7.413330100000e+01 9.952084030154e-01
7.418212900000e+01 9.952059956345e-01
7.423095700000e+01 9.952035814552e-01
7.427978500000e+01 9.952011608853e-01
7.432861300000e+01 9.951987343469e-01
7.437744100000e+01 9.951963022756e-01
7.442627000000e+01 9.951938650695e-01
7.447509800000e+01 9.951914232889e-01
7.452392600000e+01 9.951889773549e-01
7.457275400000e+01 9.951865277489e-01
7.462158200000e+01 9.951840749614e-01
7.467041000000e+01 9.951816194912e-01
7.471923800000e+01 9.951791618445e-01
7.476806600000e+01 9.951767025337e-01
7.481689500000e+01 9.951742420261e-01
7.486572300000e+01 9.951717809445e-01
7.491455100000e+01 9.951693197637e-01
7.496337900000e+01 9.951668590112e-01
7.501220700000e+01 9.951643992153e-01
7.506103500000e+01 9.951619409045e-01
7.510986300000e+01 9.951594846062e-01
7.515869100000e+01 9.951570308453e-01
7.520752000000e+01 9.951545800934e-01
7.525634800000e+01 9.951521329681e-01
7.530517600000e+01 9.951496899308e-01
7.535400400000e+01 9.951472514863e-01
7.540283200000e+01 9.951448181315e-01
7.545166000000e+01 9.951423903544e-01
7.550048800000e+01 9.951399686329e-01
7.554931600000e+01 9.951375534334e-01
7.559814500000e+01 9.951351451611e-01
7.564697300000e+01 9.951327443554e-01
7.569580100000e+01 9.951303513934e-01
7.574462900000e+01 9.951279666858e-01
7.579345700000e+01 9.951255906270e-01
7.584228500000e+01 9.951232235937e-01
7.589111300000e+01 9.951208659441e-01
7.593994100000e+01 9.951185180171e-01
7.598877000000e+01 9.951161800832e-01
7.603759800000e+01 9.951138525353e-01
7.608642600000e+01 9.951115356004e-01
7.613525400000e+01 9.951092295307e-01
7.618408200000e+01 9.951069345547e-01
7.623291000000e+01 9.951046508765e-01
7.628173800000e+01 9.951023786751e-01
7.633056600000e+01 9.951001181041e-01
7.637939500000e+01 9.950978692446e-01
7.642822300000e+01 9.950956322894e-01
7.647705100000e+01 9.950934072655e-01
7.652587900000e+01 9.950911942188e-01
7.657470700000e+01 9.950889931670e-01
7.662353500000e+01 9.950868040999e-01
7.667236300000e+01 9.950846269787e-01
7.672119100000e+01 9.950824617362e-01
7.677002000000e+01 9.950803082323e-01
7.681884800000e+01 9.950781664307e-01
7.686767600000e+01 9.950760361341e-01
7.691650400000e+01 9.950739171608e-01
7.696533200000e+01 9.950718093007e-01
7.701416000000e+01 9.950697123160e-01
7.706298800000e+01 9.950676259409e-01
7.711181600000e+01 9.950655498824e-01
7.716064500000e+01 9.950634837785e-01
7.720947300000e+01 9.950614273675e-01
7.725830100000e+01 9.950593802352e-01
7.730712900000e+01 9.950573419849e-01
7.735595700000e+01 9.950553121952e-01
7.740478500000e+01 9.950532904217e-01
7.745361300000e+01 9.950512761971e-01
7.750244100000e+01 9.950492690326e-01
7.755127000000e+01 9.950472683779e-01
7.760009800000e+01 9.950452737860e-01
7.764892600000e+01 9.950432846683e-01
7.769775400000e+01 9.950413004602e-01
7.774658200000e+01 9.950393205811e-01
7.779541000000e+01 9.950373444355e-01
7.784423800000e+01 9.950353714148e-01
7.789306600000e+01 9.950334008983e-01
7.794189500000e+01 9.950314322144e-01
7.799072300000e+01 9.950294648035e-01
7.803955100000e+01 9.950274979775e-01
7.808837900000e+01 9.950255310826e-01
7.813720700000e+01 9.950235634606e-01
7.818603500000e+01 9.950215944504e-01
7.823486300000e+01 9.950196233900e-01
7.828369100000e+01 9.950176496177e-01
7.833252000000e+01 9.950156724333e-01
7.838134800000e+01 9.950136912621e-01
7.843017600000e+01 9.950117054135e-01
7.847900400000e+01 9.950097142444e-01
7.852783200000e+01 9.950077171206e-01
7.857666000000e+01 9.950057134185e-01
7.862548800000e+01 9.950037025267e-01
7.867431600000e+01 9.950016838475e-01
7.872314500000e+01 9.949996567573e-01
7.877197300000e+01 9.949976207739e-01
7.882080100000e+01 9.949955753096e-01
7.886962900000e+01 9.949935198380e-01
7.891845700000e+01 9.949914538547e-01
7.896728500000e+01 9.949893768782e-01
7.901611300000e+01 9.949872884515e-01
7.906494100000e+01 9.949851881437e-01
7.911377000000e+01 9.949830755075e-01
7.916259800000e+01 9.949809502541e-01
7.921142600000e+01 9.949788119944e-01
7.926025400000e+01 9.949766604134e-01
7.930908200000e+01 9.949744952277e-01
7.935791000000e+01 9.949723161867e-01
7.940673800000e+01 9.949701230733e-01
7.945556600000e+01 9.949679157047e-01
7.950439500000e+01 9.949656938879e-01
7.955322300000e+01 9.949634576018e-01
7.960205100000e+01 9.949612067256e-01
7.965087900000e+01 9.949589412203e-01
7.969970700000e+01 9.949566610842e-01
7.974853500000e+01 9.949543663527e-01
7.979736300000e+01 9.949520570987e-01
7.984619100000e+01 9.949497334329e-01
7.989502000000e+01 9.949473954550e-01
7.994384800000e+01 9.949450434464e-01
7.999267600000e+01 9.949426775815e-01
8.004150400000e+01 9.949402981197e-01
8.009033200000e+01 9.949379053564e-01
8.013916000000e+01 9.949354996230e-01
8.018798800000e+01 9.949330812857e-01
8.023681600000e+01 9.949306507453e-01
8.028564500000e+01 9.949282083860e-01
8.033447300000e+01 9.949257547746e-01
8.038330100000e+01 9.949232903596e-01
8.043212900000e+01 9.949208156697e-01
8.048095700000e+01 9.949183312628e-01
8.052978500000e+01 9.949158377247e-01
8.057861300000e+01 9.949133356676e-01
8.062744100000e+01 9.949108257287e-01
8.067627000000e+01 9.949083085172e-01
8.072509800000e+01 9.949057848184e-01
8.077392600000e+01 9.949032552835e-01
8.082275400000e+01 9.949007206333e-01
8.087158200000e+01 9.948981816051e-01
8.092041000000e+01 9.948956389509e-01
8.096923800000e+01 9.948930934352e-01
8.101806600000e+01 9.948905458334e-01
8.106689500000e+01 9.948879968769e-01
8.111572300000e+01 9.948854474609e-01
8.116455100000e+01 9.948828983279e-01
8.121337900000e+01 9.948803502752e-01
8.126220700000e+01 9.948778041003e-01
8.131103500000e+01 9.948752605987e-01
8.135986300000e+01 9.948727205617e-01
8.140869100000e+01 9.948701847745e-01
8.145752000000e+01 9.948676539617e-01
8.150634800000e+01 9.948651289931e-01
8.155517600000e+01 9.948626105699e-01
8.160400400000e+01 9.948600994306e-01
8.165283200000e+01 9.948575962963e-01
8.170166000000e+01 9.948551018696e-01
8.175048800000e+01 9.948526168316e-01
8.179931600000e+01 9.948501418407e-01
8.184814500000e+01 9.948476774799e-01
8.189697300000e+01 9.948452244568e-01
8.194580100000e+01 9.948427832988e-01
8.199462900000e+01 9.948403545537e-01
8.204345700000e+01 9.948379387374e-01
8.209228500000e+01 9.948355363323e-01
8.214111300000e+01 9.948331477856e-01
8.218994100000e+01 9.948307735085e-01
8.223877000000e+01 9.948284138260e-01
8.228759800000e+01 9.948260691694e-01
8.233642600000e+01 9.948237397845e-01
8.238525400000e+01 9.948214259250e-01
8.243408200000e+01 9.948191278026e-01
8.248291000000e+01 9.948168455862e-01
8.253173800000e+01 9.948145794017e-01
8.258056600000e+01 9.948123293311e-01
8.262939500000e+01 9.948100953666e-01
8.267822300000e+01 9.948078775929e-01
8.272705100000e+01 9.948056759126e-01
8.277587900000e+01 9.948034902294e-01
8.282470700000e+01 9.948013204026e-01
8.287353500000e+01 9.947991662466e-01
8.292236300000e+01 9.947970275321e-01
8.297119100000e+01 9.947949039859e-01
8.302002000000e+01 9.947927952485e-01
8.306884800000e+01 9.947907010476e-01
8.311767600000e+01 9.947886209397e-01
8.316650400000e+01 9.947865544837e-01
8.321533200000e+01 9.947845011991e-01
8.326416000000e+01 9.947824605669e-01
8.331298800000e+01 9.947804320312e-01
8.336181600000e+01 9.947784150002e-01
8.341064500000e+01 9.947764088069e-01
8.345947300000e+01 9.947744128749e-01
8.350830100000e+01 9.947724264737e-01
8.355712900000e+01 9.947704488846e-01
8.360595700000e+01 9.947684793620e-01
8.365478500000e+01 9.947665171350e-01
8.370361300000e+01 9.947645614094e-01
8.375244100000e+01 9.947626113702e-01
8.380127000000e+01 9.947606661437e-01
8.385009800000e+01 9.947587249589e-01
8.389892600000e+01 9.947567869112e-01
8.394775400000e+01 9.947548511240e-01
8.399658200000e+01 9.947529167111e-01
8.404541000000e+01 9.947509827791e-01
8.409423800000e+01 9.947490484305e-01
8.414306600000e+01 9.947471127651e-01
8.419189500000e+01 9.947451748438e-01
8.424072300000e+01 9.947432338494e-01
8.428955100000e+01 9.947412888511e-01
8.433837900000e+01 9.947393389656e-01
8.438720700000e+01 9.947373833203e-01
8.443603500000e+01 9.947354210554e-01
8.448486300000e+01 9.947334513262e-01
8.453369100000e+01 9.947314733062e-01
8.458252000000e+01 9.947294861479e-01
8.463134800000e+01 9.947274891486e-01
8.468017600000e+01 9.947254815083e-01
8.472900400000e+01 9.947234624946e-01
8.477783200000e+01 9.947214314039e-01
8.482666000000e+01 9.947193875640e-01
8.487548800000e+01 9.947173303356e-01
8.492431600000e+01 9.947152591145e-01
8.497314500000e+01 9.947131732901e-01
8.502197300000e+01 9.947110724190e-01
8.507080100000e+01 9.947089559696e-01
8.511962900000e+01 9.947068234943e-01
8.516845700000e+01 9.947046745886e-01
8.521728500000e+01 9.947025088923e-01
8.526611300000e+01 9.947003260901e-01
8.531494100000e+01 9.946981259134e-01
8.536377000000e+01 9.946959080951e-01
8.541259800000e+01 9.946936725524e-01
8.546142600000e+01 9.946914191151e-01
8.551025400000e+01 9.946891477073e-01
8.555908200000e+01 9.946868583027e-01
8.560791000000e+01 9.946845509243e-01
8.565673800000e+01 9.946822256452e-01
8.570556600000e+01 9.946798825880e-01
8.575439500000e+01 9.946775218762e-01
8.580322300000e+01 9.946751438278e-01
8.585205100000e+01 9.946727486646e-01
8.590087900000e+01 9.946703367046e-01
8.594970700000e+01 9.946679083132e-01
8.599853500000e+01 9.946654639022e-01
8.604736300000e+01 9.946630039288e-01
8.609619100000e+01 9.946605288948e-01
8.614502000000e+01 9.946580392937e-01
8.619384800000e+01 9.946555358140e-01
8.624267600000e+01 9.946530190314e-01
8.629150400000e+01 9.946504896113e-01
8.634033200000e+01 9.946479482560e-01
8.638916000000e+01 9.946453957029e-01
8.643798800000e+01 9.946428327224e-01
8.648681600000e+01 9.946402601165e-01
8.653564500000e+01 9.946376786632e-01
8.658447300000e+01 9.946350893260e-01
8.663330100000e+01 9.946324929351e-01
8.668212900000e+01 9.946298903954e-01
8.673095700000e+01 9.946272826321e-01
8.677978500000e+01 9.946246705882e-01
8.682861300000e+01 9.946220552216e-01
8.687744100000e+01 9.946194375032e-01
8.692627000000e+01 9.946168183601e-01
8.697509800000e+01 9.946141988881e-01
8.702392600000e+01 9.946115800271e-01
8.707275400000e+01 9.946089627731e-01
8.712158200000e+01 9.946063481216e-01
8.717041000000e+01 9.946037370657e-01
8.721923800000e+01 9.946011305929e-01
8.726806600000e+01 9.945985296830e-01
8.731689500000e+01 9.945959352522e-01
8.736572300000e+01 9.945933483630e-01
8.741455100000e+01 9.945907699031e-01
8.746337900000e+01 9.945882007956e-01
8.751220700000e+01 9.945856419433e-01
8.756103500000e+01 9.945830942267e-01
8.760986300000e+01 9.945805585015e-01
8.765869100000e+01 9.945780355963e-01
8.770752000000e+01 9.945755262599e-01
8.775634800000e+01 9.945730313637e-01
8.780517600000e+01 9.945705515924e-01
8.785400400000e+01 9.945680876472e-01
8.790283200000e+01 9.945656401930e-01
8.795166000000e+01 9.945632098566e-01
8.800048800000e+01 9.945607972255e-01
8.804931600000e+01 9.945584028460e-01
8.809814500000e+01 9.945560271740e-01
8.814697300000e+01 9.945536707676e-01
8.819580100000e+01 9.945513339946e-01
8.824462900000e+01 9.945490172262e-01
8.829345700000e+01 9.945467207875e-01
8.834228500000e+01 9.945444449568e-01
8.839111300000e+01 9.945421899653e-01
8.843994100000e+01 9.945399559964e-01
8.848877000000e+01 9.945377431402e-01
8.853759800000e+01 9.945355515748e-01
8.858642600000e+01 9.945333812938e-01
8.863525400000e+01 9.945312322881e-01
8.868408200000e+01 9.945291045012e-01
8.873291000000e+01 9.945269978288e-01
8.878173800000e+01 9.945249121198e-01
8.883056600000e+01 9.945228471766e-01
8.887939500000e+01 9.945208027144e-01
8.892822300000e+01 9.945187785290e-01
8.897705100000e+01 9.945167742463e-01
8.902587900000e+01 9.945147894916e-01
8.907470700000e+01 9.945128238487e-01
8.912353500000e+01 9.945108768606e-01
8.917236300000e+01 9.945089480315e-01
8.922119100000e+01 9.945070368279e-01
8.927002000000e+01 9.945051426417e-01
8.931884800000e+01 9.945032649464e-01
8.936767600000e+01 9.945014030660e-01
8.941650400000e+01 9.944995563327e-01
8.946533200000e+01 9.944977240494e-01
8.951416000000e+01 9.944959054914e-01
8.956298800000e+01 9.944940999089e-01
8.961181600000e+01 9.944923065283e-01
8.966064500000e+01 9.944905245184e-01
8.970947300000e+01 9.944887531379e-01
8.975830100000e+01 9.944869915184e-01
8.980712900000e+01 9.944852388130e-01
8.985595700000e+01 9.944834941617e-01
8.990478500000e+01 9.944817566933e-01
8.995361300000e+01 9.944800255277e-01
9.000244100000e+01 9.944782997780e-01
9.005127000000e+01 9.944765785176e-01
9.010009800000e+01 9.944748609226e-01
9.014892600000e+01 9.944731460630e-01
9.019775400000e+01 9.944714330455e-01
9.024658200000e+01 9.944697209802e-01
9.029541000000e+01 9.944680089828e-01
9.034423800000e+01 9.944662961761e-01
9.039306600000e+01 9.944645816926e-01
9.044189500000e+01 9.944628646401e-01
9.049072300000e+01 9.944611442452e-01
9.053955100000e+01 9.944594196433e-01
9.058837900000e+01 9.944576900213e-01
9.063720700000e+01 9.944559545837e-01
9.068603500000e+01 9.944542125543e-01
9.073486300000e+01 9.944524631775e-01
9.078369100000e+01 9.944507057199e-01
9.083252000000e+01 9.944489394350e-01
9.088134800000e+01 9.944471637095e-01
9.093017600000e+01 9.944453778469e-01
9.097900400000e+01 9.944435812139e-01
9.102783200000e+01 9.944417732045e-01
9.107666000000e+01 9.944399532410e-01
9.112548800000e+01 9.944381207750e-01
9.117431600000e+01 9.944362752878e-01
9.122314500000e+01 9.944344162531e-01
9.127197300000e+01 9.944325432896e-01
9.132080100000e+01 9.944306559335e-01
9.136962900000e+01 9.944287537905e-01
9.141845700000e+01 9.944268364981e-01
9.146728500000e+01 9.944249037261e-01
9.151611300000e+01 9.944229551762e-01
9.156494100000e+01 9.944209905824e-01
9.161377000000e+01 9.944190096701e-01
9.166259800000e+01 9.944170123185e-01
9.171142600000e+01 9.944149983168e-01
9.176025400000e+01 9.944129675262e-01
9.180908200000e+01 9.944109198391e-01
9.185791000000e+01 9.944088551783e-01
9.190673800000e+01 9.944067734972e-01
9.195556600000e+01 9.944046747784e-01
9.200439500000e+01 9.944025589905e-01
9.205322300000e+01 9.944004262606e-01
9.210205100000e+01 9.943982766137e-01
9.215087900000e+01 9.943961101452e-01
9.219970700000e+01 9.943939269768e-01
9.224853500000e+01 9.943917272557e-01
9.229736300000e+01 9.943895111537e-01
9.234619100000e+01 9.943872788667e-01
9.239502000000e+01 9.943850305673e-01
9.244384800000e+01 9.943827665886e-01
9.249267600000e+01 9.943804871466e-01
9.254150400000e+01 9.943781925239e-01
9.259033200000e+01 9.943758830221e-01
9.263916000000e+01 9.943735589614e-01
9.268798800000e+01 9.943712206794e-01
9.273681600000e+01 9.943688685301e-01
9.278564500000e+01 9.943665028345e-01
9.283447300000e+01 9.943641240738e-01
9.288330100000e+01 9.943617325974e-01
9.293212900000e+01 9.943593288159e-01
9.298095700000e+01 9.943569131515e-01
9.302978500000e+01 9.943544860375e-01
9.307861300000e+01 9.943520479168e-01
9.312744100000e+01 9.943495992417e-01
9.317627000000e+01 9.943471404219e-01
9.322509800000e+01 9.943446720256e-01
9.327392600000e+01 9.943421944765e-01
9.332275400000e+01 9.943397082543e-01
9.337158200000e+01 9.943372138430e-01
9.342041000000e+01 9.943347117311e-01
9.346923800000e+01 9.943322024097e-01
9.351806600000e+01 9.943296863726e-01
9.356689500000e+01 9.943271640634e-01
9.361572300000e+01 9.943246360815e-01
9.366455100000e+01 9.943221028717e-01
9.371337900000e+01 9.943195649295e-01
9.376220700000e+01 9.943170227493e-01
9.381103500000e+01 9.943144768234e-01
9.385986300000e+01 9.943119276413e-01
9.390869100000e+01 9.943093756893e-01
9.395752000000e+01 9.943068213971e-01
9.400634800000e+01 9.943042653468e-01
9.405517600000e+01 9.943017079581e-01
9.410400400000e+01 9.942991496971e-01
9.415283200000e+01 9.942965910231e-01
9.420166000000e+01 9.942940323883e-01
9.425048800000e+01 9.942914742368e-01
9.429931600000e+01 9.942889170043e-01
9.434814500000e+01 9.942863610649e-01
9.439697300000e+01 9.942838069400e-01
9.444580100000e+01 9.942812549837e-01
9.449462900000e+01 9.942787055913e-01
9.454345700000e+01 9.942761591467e-01
9.459228500000e+01 9.942736160215e-01
9.464111300000e+01 9.942710765747e-01
9.468994100000e+01 9.942685411519e-01
9.473877000000e+01 9.942660100330e-01
9.478759800000e+01 9.942634836393e-01
9.483642600000e+01 9.942609622212e-01
9.488525400000e+01 9.942584460659e-01
9.493408200000e+01 9.942559354445e-01
9.498291000000e+01 9.942534306119e-01
9.503173800000e+01 9.942509318060e-01
9.508056600000e+01 9.942484392478e-01
9.512939500000e+01 9.942459530898e-01
9.517822300000e+01 9.942434736193e-01
9.522705100000e+01 9.942410009529e-01
9.527587900000e+01 9.942385352397e-01
9.532470700000e+01 9.942360766103e-01
9.537353500000e+01 9.942336251771e-01
9.542236300000e+01 9.942311810337e-01
9.547119100000e+01 9.942287442551e-01
9.552002000000e+01 9.942263148487e-01
9.556884800000e+01 9.942238929525e-01
9.561767600000e+01 9.942214785376e-01
9.566650400000e+01 9.942190716075e-01
9.571533200000e+01 9.942166721489e-01
9.576416000000e+01 9.942142801322e-01
9.581298800000e+01 9.942118955123e-01
9.586181600000e+01 9.942095182296e-01
9.591064500000e+01 9.942071481622e-01
9.595947300000e+01 9.942047853214e-01
9.600830100000e+01 9.942024295615e-01
9.605712900000e+01 9.942000807756e-01
9.610595700000e+01 9.941977388483e-01
9.615478500000e+01 9.941954036578e-01
9.620361300000e+01 9.941930750773e-01
9.625244100000e+01 9.941907529768e-01
9.630127000000e+01 9.941884371786e-01
9.635009800000e+01 9.941861276481e-01
9.639892600000e+01 9.941838242126e-01
9.644775400000e+01 9.941815267525e-01
9.649658200000e+01 9.941792351575e-01
9.654541000000e+01 9.941769493286e-01
9.659423800000e+01 9.941746691811e-01
9.664306600000e+01 9.941723946475e-01
9.669189500000e+01 9.941701256341e-01
9.674072300000e+01 9.941678622099e-01
9.678955100000e+01 9.941656043304e-01
9.683837900000e+01 9.941633520274e-01
9.688720700000e+01 9.941611053648e-01
9.693603500000e+01 9.941588644423e-01
9.698486300000e+01 9.941566293980e-01
9.703369100000e+01 9.941544004115e-01
9.708252000000e+01 9.941521776611e-01
9.713134800000e+01 9.941499615085e-01
9.718017600000e+01 9.941477522283e-01
9.722900400000e+01 9.941455501920e-01
9.727783200000e+01 9.941433558244e-01
9.732666000000e+01 9.941411696056e-01
9.737548800000e+01 9.941389920717e-01
9.742431600000e+01 9.941368238158e-01
9.747314500000e+01 9.941346654440e-01
9.752197300000e+01 9.941325177516e-01
9.757080100000e+01 9.941303814573e-01
9.761962900000e+01 9.941282573778e-01
9.766845700000e+01 9.941261463818e-01
9.771728500000e+01 9.941240493862e-01
9.776611300000e+01 9.941219673517e-01
9.781494100000e+01 9.941199012779e-01
9.786377000000e+01 9.941178521547e-01
9.791259800000e+01 9.941158211223e-01
9.796142600000e+01 9.941138092104e-01
9.801025400000e+01 9.941118174958e-01
9.805908200000e+01 9.941098470486e-01
9.810791000000e+01 9.941078989187e-01
9.815673800000e+01 9.941059741199e-01
9.820556600000e+01 9.941040736135e-01
9.825439500000e+01 9.941021982503e-01
9.830322300000e+01 9.941003489029e-01
9.835205100000e+01 9.940985262116e-01
9.840087900000e+01 9.940967307127e-01
9.844970700000e+01 9.940949627713e-01
9.849853500000e+01 9.940932225507e-01
9.854736300000e+01 9.940915099784e-01
9.859619100000e+01 9.940898247096e-01
9.864502000000e+01 9.940881660538e-01
9.869384800000e+01 9.940865330673e-01
9.874267600000e+01 9.940849243034e-01
9.879150400000e+01 9.940833378988e-01
9.884033200000e+01 9.940817714868e-01
9.888916000000e+01 9.940802221397e-01
9.893798800000e+01 9.940786863084e-01
9.898681600000e+01 9.940771597573e-01
9.903564500000e+01 9.940756374641e-01
9.908447300000e+01 9.940741136711e-01
9.913330100000e+01 9.940725816203e-01
9.918212900000e+01 9.940710335958e-01
9.923095700000e+01 9.940694608052e-01
9.927978500000e+01 9.940678532875e-01
9.932861300000e+01 9.940661998160e-01
9.937744100000e+01 9.940644877960e-01
9.942627000000e+01 9.940627031200e-01
9.947509800000e+01 9.940608302017e-01
9.952392600000e+01 9.940588516392e-01
9.957275400000e+01 9.940567482348e-01
9.962158200000e+01 9.940544988288e-01
9.967041000000e+01 9.940520801642e-01
9.971923800000e+01 9.940494667437e-01
9.976806600000e+01 9.940466306820e-01
9.981689500000e+01 9.940435414851e-01
9.986572300000e+01 9.940401661467e-01
9.991455100000e+01 9.940364686027e-01
9.996337900000e+01 9.940324098037e-01
1.000122070000e+02 9.940279474737e-01
1.000610350000e+02 9.940230359217e-01
1.001098630000e+02 9.940176258471e-01
1.001586910000e+02 9.940116641373e-01
1.002075200000e+02 9.940050935175e-01
1.002563480000e+02 9.939978528841e-01
1.003051760000e+02 9.939898762748e-01
1.003540040000e+02 9.939810931614e-01
1.004028320000e+02 9.939714280815e-01
1.004516600000e+02 9.939608003911e-01
1.005004880000e+02 9.939491240087e-01
1.005493160000e+02 9.939363071510e-01
1.005981450000e+02 9.939222517595e-01
1.006469730000e+02 9.939068543950e-01
1.006958010000e+02 9.938900042245e-01
1.007446290000e+02 9.938715838449e-01
1.007934570000e+02 9.938514687004e-01
1.008422850000e+02 9.938295267643e-01
1.008911130000e+02 9.938056182115e-01
1.009399410000e+02 9.937795950807e-01
1.009887700000e+02 9.937513003224e-01
1.010375980000e+02 9.937205698041e-01
1.010864260000e+02 9.936872284686e-01
1.011352540000e+02 9.936510922210e-01
1.011840820000e+02 9.936119669798e-01
1.012329100000e+02 9.935696482724e-01
1.012817380000e+02 9.935239208180e-01
1.013305660000e+02 9.934745580973e-01
1.013793950000e+02 9.934213207777e-01
1.014282230000e+02 9.933639606955e-01
1.014770510000e+02 9.933022138504e-01
1.015258790000e+02 9.932358041959e-01
1.015747070000e+02 9.931644420882e-01
1.016235350000e+02 9.930878237694e-01
1.016723630000e+02 9.930056308350e-01
1.017211910000e+02 9.929175296843e-01
1.017700200000e+02 9.928231689557e-01
1.018188480000e+02 9.927221867986e-01
1.018676760000e+02 9.926141986895e-01
1.019165040000e+02 9.924988044043e-01
1.019653320000e+02 9.923755855140e-01
1.020141600000e+02 9.922441047266e-01
1.020629880000e+02 9.921039052116e-01
1.021118160000e+02 9.919545099044e-01
1.021606450000e+02 9.917954174305e-01
1.022094730000e+02 9.916261146006e-01
1.022583010000e+02 9.914460561245e-01
1.023071290000e+02 9.912546766608e-01
1.023559570000e+02 9.910513868687e-01
1.024047850000e+02 9.908355726000e-01
1.024536130000e+02 9.906065940719e-01
1.025024410000e+02 9.903637850255e-01
1.025512700000e+02 9.901064464434e-01
1.026000980000e+02 9.898338670540e-01
1.026489260000e+02 9.895452908482e-01
1.026977540000e+02 9.892399369515e-01
1.027465820000e+02 9.889169936028e-01
1.027954100000e+02 9.885756172463e-01
1.028442380000e+02 9.882149316214e-01
1.028930660000e+02 9.878340268527e-01
1.029418950000e+02 9.874319500884e-01
1.029907230000e+02 9.870077379710e-01
1.030395510000e+02 9.865603663803e-01
1.030883790000e+02 9.860887820519e-01
1.031372070000e+02 9.855918937268e-01
1.031860350000e+02 9.850685713472e-01
1.032348630000e+02 9.845176452925e-01
1.032836910000e+02 9.839379056632e-01
1.033325200000e+02 9.833280888172e-01
1.033813480000e+02 9.826869273450e-01
1.034301760000e+02 9.820130746639e-01
1.034790040000e+02 9.813051539064e-01
1.035278320000e+02 9.805617454260e-01
1.035766600000e+02 9.797813865991e-01
1.036254880000e+02 9.789625717616e-01
1.036743160000e+02 9.781037522981e-01
1.037231450000e+02 9.772033180241e-01
1.037719730000e+02 9.762596722467e-01
1.038208010000e+02 9.752711218387e-01
1.038696290000e+02 9.742359510167e-01
1.039184570000e+02 9.731524045047e-01
1.039672850000e+02 9.720186890020e-01
1.040161130000e+02 9.708329749770e-01
1.040649410000e+02 9.695933988233e-01
1.041137700000e+02 9.682980383002e-01
1.041625980000e+02 9.669450227738e-01
1.042114260000e+02 9.655323775796e-01
1.042602540000e+02 9.640581329525e-01
1.043090820000e+02 9.625203026603e-01
1.043579100000e+02 9.609168892249e-01
1.044067380000e+02 9.592458898396e-01
1.044555660000e+02 9.575053030475e-01
1.045043950000e+02 9.556930983919e-01
1.045532230000e+02 9.538073747463e-01
1.046020510000e+02 9.518461471019e-01
1.046508790000e+02 9.498075039912e-01
1.046997070000e+02 9.476895827697e-01
1.047485350000e+02 9.454905825470e-01
1.047973630000e+02 9.432087785022e-01
1.048461910000e+02 9.408425377019e-01
1.048950200000e+02 9.383902854388e-01
1.049438480000e+02 9.358507270889e-01
1.049926760000e+02 9.332225679574e-01
1.050415040000e+02 9.305047355649e-01
1.050903320000e+02 9.276963557474e-01
1.051391600000e+02 9.247967805061e-01
1.051879880000e+02 9.218056184630e-01
1.052368160000e+02 9.187227681253e-01
1.052856450000e+02 9.155483882293e-01
1.053344730000e+02 9.122831992001e-01
1.053833010000e+02 9.089281361055e-01
1.054321290000e+02 9.054846536130e-01
1.054809570000e+02 9.019547127125e-01
1.055297850000e+02 8.983408358147e-01
1.055786130000e+02 8.946461664460e-01
1.056274410000e+02 8.908745338514e-01
1.056762700000e+02 8.870304433967e-01
1.057250980000e+02 8.831194683845e-01
1.057739260000e+02 8.791478588532e-01
1.058227540000e+02 8.751229427070e-01
1.058715820000e+02 8.710531419520e-01
1.059204100000e+02 8.669480739556e-01
1.059692380000e+02 8.628186601117e-01
1.060180660000e+02 8.586772423001e-01
1.060668950000e+02 8.545376228716e-01
1.061157230000e+02 8.504155370080e-01
1.061645510000e+02 8.463282857386e-01
1.062133790000e+02 8.422952269170e-01
1.062622070000e+02 8.383378515273e-01
1.063110350000e+02 8.344799548452e-01
1.063598630000e+02 8.307478179131e-01
1.064086910000e+02 8.271703995998e-01
1.064575200000e+02 8.237794721708e-01
1.065063480000e+02 8.206101092682e-01
1.065551760000e+02 8.177004931284e-01
1.066040040000e+02 8.150924330656e-01
1.066528320000e+02 8.128315411806e-01
1.067016600000e+02 8.109674904757e-01
1.067504880000e+02 8.095542836407e-01
1.067993160000e+02 8.086505321150e-01
1.068481450000e+02 8.083197444333e-01
1.068969730000e+02 8.086306397114e-01
1.069458010000e+02 8.096574108320e-01
1.069946290000e+02 8.114800778041e-01
1.070434570000e+02 8.141847935451e-01
1.070922850000e+02 8.178641666383e-01
1.071411130000e+02 8.226175863493e-01
1.071899410000e+02 8.285515477557e-01
1.072387700000e+02 8.357801366398e-01
1.072875980000e+02 8.444247289830e-01
1.073364260000e+02 8.546151848052e-01
1.073852540000e+02 8.664895828347e-01
1.074340820000e+02 8.801946366668e-01
1.074829100000e+02 8.958859564912e-01
1.075317380000e+02 9.137282860545e-01
1.075805660000e+02 9.338957097395e-01
1.076293950000e+02 9.565723156467e-01
1.076782230000e+02 9.819504177645e-01
1.077270510000e+02 1.010233419336e+00
1.077758790000e+02 1.041634039836e+00
1.078247070000e+02 1.076374720866e+00
1.078735350000e+02 1.114687526010e+00
1.079223630000e+02 1.156813965573e+00
1.079711910000e+02 1.203004739019e+00
1.080200200000e+02 1.253520468660e+00
1.080688480000e+02 1.308627030710e+00
1.081176760000e+02 1.368601208277e+00
1.081665040000e+02 1.433725993179e+00
1.082153320000e+02 1.504290806354e+00
1.082641600000e+02 1.580590610365e+00
1.083129880000e+02 1.662924900033e+00
1.083618160000e+02 1.751596569147e+00
1.084106450000e+02 1.846912674818e+00
1.084594730000e+02 1.949175113157e+00
1.085083010000e+02 2.058690820499e+00
1.085571290000e+02 2.175762491570e+00
1.086059570000e+02 2.300688737156e+00
1.086547850000e+02 2.433762259888e+00
1.087036130000e+02 2.575267942778e+00
1.087524410000e+02 2.725480864453e+00
1.088012700000e+02 2.884667610916e+00
1.088500980000e+02 3.053070971286e+00
1.088989260000e+02 3.230927390979e+00
1.089477540000e+02 3.418452024481e+00
1.089965820000e+02 3.615839831810e+00
1.090454100000e+02 3.823263557338e+00
1.090942380000e+02 4.040871782571e+00
1.091430660000e+02 4.268787077047e+00
1.091918950000e+02 4.507109258704e+00
1.092407230000e+02 4.755894074366e+00
1.092895510000e+02 5.015181063806e+00
1.093383790000e+02 5.284973016827e+00
1.093872070000e+02 5.565239711762e+00
1.094360350000e+02 5.855917092461e+00
1.094848630000e+02 6.156906667389e+00
1.095336910000e+02 6.468075136966e+00
1.095825200000e+02 6.789260930597e+00
1.096313480000e+02 7.120247777055e+00
1.096801760000e+02 7.460804489828e+00
1.097290040000e+02 7.810659385951e+00
1.097778320000e+02 8.169507496785e+00
1.098266600000e+02 8.537011494694e+00
1.098754880000e+02 8.912802795427e+00
1.099243160000e+02 9.296482818332e+00
1.099731450000e+02 9.687632469237e+00
