-2.3300000000e+00 4.9424320000e+03
-3.4200000000e+00 4.9291460000e+03
-3.2470000000e+00 4.9171640000e+03
-1.7190000000e+00 4.9065790000e+03
-8.2800000000e-01 4.8953980000e+03
-1.0590000000e+00 4.8831370000e+03
-1.0148988201e+00 4.8711911012e+03
-1.0161847393e+00 4.8592408153e+03
-1.0145876825e+00 4.8473344123e+03
-1.0129247970e+00 4.8354680752e+03
-1.0104514332e+00 4.8236425486e+03
-1.0083412083e+00 4.8118576588e+03
-1.0065877368e+00 4.8001114123e+03
-1.0049029019e+00 4.7884050971e+03
-1.0033849981e+00 4.7767376150e+03
-1.0019829247e+00 4.7651100171e+03
-1.0006698409e+00 4.7535213302e+03
-9.9939982083e-01 4.7419716002e+03
-9.9808782596e-01 4.7304609122e+03
-9.9668043445e-01 4.7189893196e+03
-9.9515959744e-01 4.7075558404e+03
-9.9359848669e-01 4.6961614015e+03
-9.9217360030e-01 4.6848048264e+03
-9.9111686639e-01 4.6734858831e+03
-9.9054317405e-01 4.6622034568e+03
-9.9011411466e-01 4.6509598859e+03
-9.8864357834e-01 4.6397543564e+03
-9.8389280242e-01 4.6285891072e+03
-9.7285658075e-01 4.6174681434e+03
-9.5265994617e-01 4.6063923401e+03
-9.2172268563e-01 4.5953652773e+03
-8.8052241164e-01 4.5843844776e+03
-8.3140785685e-01 4.5734485921e+03
-7.7746493250e-01 4.5625545351e+03
-7.2115757217e-01 4.5516978424e+03
-6.6374407215e-01 4.5408792559e+03
-6.0606601257e-01 4.5300969340e+03
-5.5033976400e-01 4.5193486602e+03
-5.0162930966e-01 4.5086283707e+03
-4.6749026245e-01 4.4979295097e+03
-4.5525387206e-01 4.4872437461e+03
-4.6803869458e-01 4.4765689613e+03
-5.0173271335e-01 4.4659072673e+03
-5.4498189392e-01 4.4552720181e+03
-5.8263807485e-01 4.4446763619e+03
-6.0117337457e-01 4.4341348266e+03
-5.9353648539e-01 4.4236534635e+03
-5.6124846867e-01 4.4132317515e+03
-5.1299841188e-01 4.4028600016e+03
-4.6058197368e-01 4.3925264180e+03
-4.1408801000e-01 4.3822209120e+03
-3.7835184417e-01 4.3719386482e+03
-3.5203541349e-01 4.3616799646e+03
-3.2950698030e-01 4.3514514930e+03
-3.0445891863e-01 4.3412585411e+03
-2.7342833995e-01 4.3311055717e+03
-2.3752488126e-01 4.3209894751e+03
-2.0165356194e-01 4.3109073464e+03
-1.7182658946e-01 4.3008511734e+03
-1.5200605407e-01 4.2908179939e+03
-1.4196334939e-01 4.2808080367e+03
-1.3699374079e-01 4.2708250063e+03
-1.2952570529e-01 4.2608764743e+03
-1.1200501927e-01 4.2509699950e+03
-8.0031939417e-02 4.2411099681e+03
-3.4577675341e-02 4.2312964223e+03
1.7615205414e-02 4.2215206152e+03
6.5689959174e-02 4.2117716900e+03
9.7774489468e-02 4.2020387745e+03
1.0443480648e-01 4.1923114348e+03
8.1597645783e-02 4.1825865976e+03
3.2435124811e-02 4.1728664351e+03
-3.2405824712e-02 4.1631605942e+03
-9.7165269121e-02 4.1534868347e+03
-1.4612979823e-01 4.1438588702e+03
-1.6943289433e-01 4.1342875671e+03
-1.6602634554e-01 4.1247729737e+03
-1.4248463319e-01 4.1153095154e+03
-1.0938358123e-01 4.1058846164e+03
-7.7670118492e-02 4.0964893299e+03
-5.6214612008e-02 4.0871137854e+03
-5.0517801775e-02 4.0777524822e+03
-6.2245601352e-02 4.0684027544e+03
-8.9228938222e-02 4.0590677711e+03
-1.2586810796e-01 4.0497531319e+03
-1.6425700753e-01 4.0404657430e+03
-1.9670275756e-01 4.0312132972e+03
-2.1985324335e-01 4.0219991468e+03
-2.3892355880e-01 4.0128180764e+03
-2.6800764176e-01 4.0036569924e+03
-3.2320911170e-01 3.9944967909e+03
-4.1143370961e-01 3.9853335663e+03
-5.2303270722e-01 3.9761749673e+03
-6.3392228743e-01 3.9670460777e+03
-7.1580752902e-01 3.9579741925e+03
-7.4844172045e-01 3.9489795583e+03
-7.2680443204e-01 3.9400671956e+03
-6.5961920782e-01 3.9312283808e+03
-5.6214914521e-01 3.9224478509e+03
-4.4905886045e-01 3.9137109411e+03
-3.3064069459e-01 3.9050063593e+03
-2.1238262680e-01 3.8963296174e+03
-9.6609802381e-02 3.8876773902e+03
1.5021336837e-02 3.8790490213e+03
1.1936683103e-01 3.8704403668e+03
2.1115386171e-01 3.8618461539e+03
2.8440146306e-01 3.8532604015e+03
3.3523665875e-01 3.8446792367e+03
3.6436898250e-01 3.8361023690e+03
3.7752434280e-01 3.8275365243e+03
3.8338845666e-01 3.8189903885e+03
3.9014358995e-01 3.8104721436e+03
4.0254288291e-01 3.8019845429e+03
4.2100346264e-01 3.7935300035e+03
4.4285849329e-01 3.7851048585e+03
4.6464332947e-01 3.7767056433e+03
4.8388059258e-01 3.7683298806e+03
4.9957874650e-01 3.7599765787e+03
5.1169430074e-01 3.7516456943e+03
5.2038089860e-01 3.7433363809e+03
5.2566456938e-01 3.7350486646e+03
5.2765158083e-01 3.7267846516e+03
5.2691704656e-01 3.7185419170e+03
5.2474470267e-01 3.7103237447e+03
5.2298688052e-01 3.7021309869e+03
5.2340389478e-01 3.6939654039e+03
5.2651013965e-01 3.6858265101e+03
5.3025093040e-01 3.6777142509e+03
5.2921803350e-01 3.6696222180e+03
5.1520763989e-01 3.6615412076e+03
4.7964711933e-01 3.6534626471e+03
4.1766093568e-01 3.6453826609e+03
3.3228247438e-01 3.6373042825e+03
2.3599294680e-01 3.6292379929e+03
1.4720825879e-01 3.6212042083e+03
8.3009538526e-02 3.6132190095e+03
5.3065409836e-02 3.6052920654e+03
5.8437861104e-02 3.5974244379e+03
9.4304157183e-02 3.5896113042e+03
1.5333181030e-01 3.5818443318e+03
2.2771926404e-01 3.5741167193e+03
3.0993146735e-01 3.5664199315e+03
3.9292010892e-01 3.5587479201e+03
4.7032465935e-01 3.5510933247e+03
5.3673809809e-01 3.5434517381e+03
5.8805516798e-01 3.5358170552e+03
6.2213602352e-01 3.5281891360e+03
6.3985151567e-01 3.5205678515e+03
6.4585264198e-01 3.5129568526e+03
6.4778142149e-01 3.5053657814e+03
6.5348923265e-01 3.4978004892e+03
6.6765118040e-01 3.4902666512e+03
6.8985485778e-01 3.4827628549e+03
7.1495526201e-01 3.4752849553e+03
7.3503313568e-01 3.4678240331e+03
7.4202054558e-01 3.4603730205e+03
7.3016877044e-01 3.4529241688e+03
6.9768504999e-01 3.4454776850e+03
6.4699771549e-01 3.4380349977e+03
5.8362025367e-01 3.4306016203e+03
5.1423312241e-01 3.4231832331e+03
4.4490325884e-01 3.4157879033e+03
3.8012717998e-01 3.4084181272e+03
3.2279277007e-01 3.4010777928e+03
2.7461993771e-01 3.3937676199e+03
2.3645354806e-01 3.3864894535e+03
2.0803055591e-01 3.3792420306e+03
1.8750385738e-01 3.3720235039e+03
1.7155575310e-01 3.3648315558e+03
1.5667067679e-01 3.3576616707e+03
1.4103647525e-01 3.3505120365e+03
1.2583526005e-01 3.3433828353e+03
1.1517470799e-01 3.3362801747e+03
1.1475912551e-01 3.3292087591e+03
1.2981483841e-01 3.3221728148e+03
1.6287800636e-01 3.3151758780e+03
2.1207666737e-01 3.3082150767e+03
2.7049669839e-01 3.3012854967e+03
3.2692771144e-01 3.2943729277e+03
3.6793834383e-01 3.2874659383e+03
3.8112122406e-01 3.2805511212e+03
3.5923457374e-01 3.2736212346e+03
3.0422280397e-01 3.2666792228e+03
2.2865969571e-01 3.2597356597e+03
1.5212099773e-01 3.2528121210e+03
9.3347774972e-02 3.2459253478e+03
6.3199127801e-02 3.2390881991e+03
6.2773262347e-02 3.2322997733e+03
8.6371807909e-02 3.2255543718e+03
1.2593533387e-01 3.2188449353e+03
1.7421075291e-01 3.2121642108e+03
2.2585460498e-01 3.2055068546e+03
2.7698962054e-01 3.1988669896e+03
3.2421798192e-01 3.1922432180e+03
3.6404923192e-01 3.1856320492e+03
3.9317442756e-01 3.1790281744e+03
4.0937756082e-01 3.1724313776e+03
4.1240460294e-01 3.1658394046e+03
4.0414019097e-01 3.1592561402e+03
3.8791129797e-01 3.1526829113e+03
3.6729423923e-01 3.1461252942e+03
3.4511438001e-01 3.1395841144e+03
3.2316545907e-01 3.1330611655e+03
3.0266817552e-01 3.1265596682e+03
2.8500560809e-01 3.1200790056e+03
2.7213204870e-01 3.1136211320e+03
2.6631451942e-01 3.1071893145e+03
2.6929204846e-01 3.1007842920e+03
2.8131942442e-01 3.0944073194e+03
3.0069179506e-01 3.0880546918e+03
3.2417590493e-01 3.0817251759e+03
3.4834004603e-01 3.0754143400e+03
3.7125649590e-01 3.0691202565e+03
3.9366404094e-01 3.0628436640e+03
4.1883651524e-01 3.0565878365e+03
4.5102281135e-01 3.0503570228e+03
4.9315401456e-01 3.0441531540e+03
5.4497432512e-01 3.0379769743e+03
6.0252865123e-01 3.0318245287e+03
6.5921764493e-01 3.0256882176e+03
7.0788234060e-01 3.0195618823e+03
7.4299983207e-01 3.0134389998e+03
7.6221199134e-01 3.0073182120e+03
7.6677684604e-01 3.0011997768e+03
7.6093771760e-01 2.9950879377e+03
7.5046754268e-01 2.9889884675e+03
7.4082700177e-01 2.9829078270e+03
7.3550408860e-01 2.9768475041e+03
7.3509247427e-01 2.9708100925e+03
7.3742745460e-01 2.9647914275e+03
7.3868577709e-01 2.9587896858e+03
7.3490553293e-01 2.9527989055e+03
7.2318658847e-01 2.9468171866e+03
7.0204418464e-01 2.9408430442e+03
6.7091282785e-01 2.9348749128e+03
6.2938558250e-01 2.9289133856e+03
5.7699661813e-01 2.9229579966e+03
5.1410178948e-01 2.9170071018e+03
4.4359628071e-01 2.9110665963e+03
3.7216610092e-01 2.9051401661e+03
3.0948168687e-01 2.8992394817e+03
2.6519757284e-01 2.8933741976e+03
2.4569993979e-01 2.8875486999e+03
2.5264276683e-01 2.8817666428e+03
2.8347499453e-01 2.8760234750e+03
3.3280549467e-01 2.8703158055e+03
3.9367733594e-01 2.8646346773e+03
4.5852442492e-01 2.8589745244e+03
5.1998645303e-01 2.8533259865e+03
5.7169846707e-01 2.8476836985e+03
6.0906342383e-01 2.8420420634e+03
6.2988794024e-01 2.8364008879e+03
6.3458308231e-01 2.8307585831e+03
6.2557348251e-01 2.8251175735e+03
6.0602711956e-01 2.8194820271e+03
5.7875120274e-01 2.8138547512e+03
5.4608925302e-01 2.8082370893e+03
5.1076658309e-01 2.8026317666e+03
4.7679823734e-01 2.7970437982e+03
4.4952851009e-01 2.7914765285e+03
4.3450032444e-01 2.7859375003e+03
4.3567397474e-01 2.7804296740e+03
4.5395654553e-01 2.7749539565e+03
4.8682661675e-01 2.7695088266e+03
5.2912967976e-01 2.7640871297e+03
5.7448426540e-01 2.7586834843e+03
6.1656397877e-01 2.7532915640e+03
6.4985892105e-01 2.7479048589e+03
6.7004761220e-01 2.7425210476e+03
6.7437769269e-01 2.7371353777e+03
6.6227954258e-01 2.7317482795e+03
6.3599006173e-01 2.7263609901e+03
6.0059844859e-01 2.7209795984e+03
5.6299308379e-01 2.7156109931e+03
5.2976172811e-01 2.7102607617e+03
5.0485204009e-01 2.7049328520e+03
4.8822377281e-01 2.6996272238e+03
4.7642975670e-01 2.6943414298e+03
4.6504570392e-01 2.6890710457e+03
4.5170558812e-01 2.6838117056e+03
4.3791917947e-01 2.6785669192e+03
4.2844751992e-01 2.6733404475e+03
4.2846685309e-01 2.6681364669e+03
4.4010852913e-01 2.6629591085e+03
4.6027076623e-01 2.6578042708e+03
4.8094315336e-01 2.6526629432e+03
4.9218838658e-01 2.6475271884e+03
4.8675796549e-01 2.6423877580e+03
4.6424261889e-01 2.6372452426e+03
4.3229424847e-01 2.6321072942e+03
4.0375683368e-01 2.6269867568e+03
3.9108790920e-01 2.6218950879e+03
4.0121079708e-01 2.6168402108e+03
4.3321975502e-01 2.6118202198e+03
4.7916714006e-01 2.6068281671e+03
5.2675576910e-01 2.6018507558e+03
5.6290393671e-01 2.5968749039e+03
5.7774453045e-01 2.5918917445e+03
5.6821375416e-01 2.5868982138e+03
5.3929902107e-01 2.5818972990e+03
5.0142602530e-01 2.5769014260e+03
4.6525776100e-01 2.5719202578e+03
4.3733817394e-01 2.5669603382e+03
4.1874329163e-01 2.5620227433e+03
4.0634657041e-01 2.5571043466e+03
3.9520009985e-01 2.5522002001e+03
3.8090637880e-01 2.5473059064e+03
3.6125387971e-01 2.5424192539e+03
3.3651324666e-01 2.5375405132e+03
3.0835313478e-01 2.5326713531e+03
2.7833736525e-01 2.5278123374e+03
2.4719140138e-01 2.5229651914e+03
2.1519202206e-01 2.5181301920e+03
1.8318430533e-01 2.5133081843e+03
1.5343077283e-01 2.5085004308e+03
1.2960791830e-01 2.5037116079e+03
1.1554979237e-01 2.4989445498e+03
1.1326242002e-01 2.4942022624e+03
1.2161778099e-01 2.4894826178e+03
1.3684364044e-01 2.4847818436e+03
1.5431245137e-01 2.4800963125e+03
1.7015630736e-01 2.4754211563e+03
1.8184578685e-01 2.4707548458e+03
1.8793853536e-01 2.4660949385e+03
1.8774712118e-01 2.4614397471e+03
1.8141371364e-01 2.4567914137e+03
1.7033774427e-01 2.4521503377e+03
1.5739439428e-01 2.4475203944e+03
1.4642101031e-01 2.4429034210e+03
1.4100486684e-01 2.4383040049e+03
1.4320272065e-01 2.4337242027e+03
1.5290526484e-01 2.4291639053e+03
1.6814654655e-01 2.4246211465e+03
1.8606916517e-01 2.4200930692e+03
2.0395335439e-01 2.4155769534e+03
2.1988974808e-01 2.4110698897e+03
2.3304407956e-01 2.4065720441e+03
2.4367342827e-01 2.4020836734e+03
2.5299981852e-01 2.3976049998e+03
2.6279049913e-01 2.3931387905e+03
2.7443823998e-01 2.3886854382e+03
2.8772598750e-01 2.3842457260e+03
2.9991242436e-01 2.3798169124e+03
3.0586181991e-01 2.3753928618e+03
2.9956309216e-01 2.3709675631e+03
2.7670399493e-01 2.3665377040e+03
2.3707955966e-01 2.3621020796e+03
1.8525242516e-01 2.3576652524e+03
1.2890750141e-01 2.3532349075e+03
7.6115376075e-02 2.3488201154e+03
3.3180929741e-02 2.3444261809e+03
3.7816384120e-03 2.3400567816e+03
-1.0956164988e-02 2.3357130438e+03
-1.1998193037e-02 2.3313950018e+03
-1.8615269641e-03 2.3270981385e+03
1.5972888069e-02 2.3228199729e+03
3.7730599004e-02 2.3185577306e+03
6.0035092952e-02 2.3143060351e+03
8.0440085601e-02 2.3100634401e+03
9.7566256806e-02 2.3058285663e+03
1.1078116660e-01 2.3016007812e+03
1.1964010961e-01 2.2973786401e+03
1.2349115175e-01 2.2931634912e+03
1.2152477012e-01 2.2889525248e+03
1.1323183814e-01 2.2847452318e+03
9.8918218944e-02 2.2805439182e+03
7.9928275473e-02 2.2763479283e+03
5.8485448944e-02 2.2721594854e+03
3.7275309751e-02 2.2679822753e+03
1.8946002444e-02 2.2638189460e+03
5.5887204089e-03 2.2596705887e+03
-1.8044277326e-03 2.2555391956e+03
-3.8228677986e-03 2.2514221771e+03
-2.8395472855e-03 2.2473201605e+03
-2.6993736583e-03 2.2432263006e+03
-7.8236125564e-03 2.2391381764e+03
-2.1953647499e-02 2.2350520464e+03
-4.6936283130e-02 2.2309640637e+03
-8.2011158606e-02 2.2268769888e+03
-1.2389645977e-01 2.2227931035e+03
-1.6766141264e-01 2.2187173386e+03
-2.0801224048e-01 2.2146549878e+03
-2.4044172471e-01 2.2106105583e+03
-2.6183787490e-01 2.2065871621e+03
-2.7057713833e-01 2.2025864229e+03
-2.6649444562e-01 2.1986095056e+03
-2.5115052558e-01 2.1946528495e+03
-2.2819942649e-01 2.1907138006e+03
-2.0286799247e-01 2.1867871320e+03
-1.7993961186e-01 2.1828680604e+03
-1.6152597674e-01 2.1789534740e+03
-1.4656259478e-01 2.1750464374e+03
-1.3209127647e-01 2.1711479087e+03
-1.1498101824e-01 2.1672620190e+03
-9.3216116965e-02 2.1633907839e+03
-6.6596931160e-02 2.1595334031e+03
-3.6842855407e-02 2.1556891571e+03
-7.1257045729e-03 2.1518548743e+03
1.8707336581e-02 2.1480257073e+03
3.6758080245e-02 2.1441977581e+03
4.3282394978e-02 2.1403692824e+03
3.4801683072e-02 2.1365338017e+03
8.9470938215e-03 2.1326919471e+03
-3.3575134915e-02 2.1288414249e+03
-8.7279534067e-02 2.1249897205e+03
-1.4304751004e-01 2.1211449525e+03
-1.9218720316e-01 2.1173168128e+03
-2.2984584115e-01 2.1135091542e+03
-2.5532283689e-01 2.1097226772e+03
-2.7037941152e-01 2.1059566206e+03
-2.7756889882e-01 2.1022074311e+03
-2.7940126426e-01 2.0984725987e+03
-2.7819011456e-01 2.0947498099e+03
-2.7618315807e-01 2.0910368168e+03
-2.7564464145e-01 2.0873313554e+03
-2.7873639144e-01 2.0836322636e+03
-2.8722455210e-01 2.0799357754e+03
-3.0215201559e-01 2.0762418480e+03
-3.2359653603e-01 2.0725514035e+03
-3.5056898182e-01 2.0688634310e+03
-3.8106763891e-01 2.0651819324e+03
-4.1234655634e-01 2.0615076534e+03
-4.4147849321e-01 2.0578445215e+03
-4.6621639412e-01 2.0541947836e+03
-4.8593996808e-01 2.0505590600e+03
-5.0225597647e-01 2.0469357440e+03
-5.1876591713e-01 2.0433202341e+03
-5.3970991348e-01 2.0397092901e+03
-5.6772495265e-01 2.0361002750e+03
-6.0182641146e-01 2.0324931736e+03
-6.3710962055e-01 2.0288948904e+03
-6.6663781972e-01 2.0253103622e+03
-6.8417400988e-01 2.0217458260e+03
-6.8598649883e-01 2.0182060135e+03
-6.7133419912e-01 2.0146916658e+03
-6.4241072519e-01 2.0111995893e+03
-6.0417242121e-01 2.0077248276e+03
-5.6344482498e-01 2.0042615552e+03
-5.2681012352e-01 2.0008031899e+03
-4.9844057470e-01 1.9973445594e+03
-4.7958322398e-01 1.9938844168e+03
-4.6958447651e-01 1.9904244155e+03
-4.6706459883e-01 1.9869649354e+03
-4.7046984620e-01 1.9835085302e+03
-4.7816552010e-01 1.9800548345e+03
-4.8847702358e-01 1.9766075230e+03
-4.9985473144e-01 1.9731671453e+03
-5.1106775727e-01 1.9697359322e+03
-5.2122655548e-01 1.9663127734e+03
-5.2954403670e-01 1.9629004560e+03
-5.3494669921e-01 1.9594990533e+03
-5.3580889644e-01 1.9561101911e+03
-5.3017575607e-01 1.9527358242e+03
-5.1679720125e-01 1.9493772028e+03
-4.9671687035e-01 1.9460342831e+03
-4.7403721269e-01 1.9427009628e+03
-4.5435298850e-01 1.9393726470e+03
-4.4171119440e-01 1.9360462888e+03
-4.3695823163e-01 1.9327190418e+03
-4.3858857151e-01 1.9293934114e+03
-4.4470402569e-01 1.9260712960e+03
-4.5449520435e-01 1.9227535048e+03
-4.6859874589e-01 1.9194384013e+03
-4.8827893690e-01 1.9161267211e+03
-5.1371684308e-01 1.9128162832e+03
-5.4224559830e-01 1.9095117544e+03
-5.6792271602e-01 1.9062160773e+03
-5.8337546979e-01 1.9029396245e+03
-5.8306249065e-01 1.8996859375e+03
-5.6575355839e-01 1.8964572464e+03
-5.3494843044e-01 1.8932500516e+03
-4.9785346251e-01 1.8900561465e+03
-4.6391579428e-01 1.8868670842e+03
-4.4278829557e-01 1.8836732117e+03
-4.4100647035e-01 1.8804669935e+03
-4.5833206904e-01 1.8772496679e+03
-4.8724602393e-01 1.8740277540e+03
-5.1732267396e-01 1.8708126773e+03
-5.4083416879e-01 1.8676111658e+03
-5.5512272721e-01 1.8644258773e+03
-5.6156252437e-01 1.8612564375e+03
-5.6337489361e-01 1.8580996251e+03
-5.6380331027e-01 1.8549511967e+03
-5.6499940098e-01 1.8518090006e+03
-5.6757976442e-01 1.8486734202e+03
-5.7077002165e-01 1.8455432300e+03
-5.7303977800e-01 1.8424229602e+03
-5.7299904714e-01 1.8393110010e+03
-5.7015090451e-01 1.8362098491e+03
-5.6508628363e-01 1.8331179137e+03
-5.5904975286e-01 1.8300339502e+03
-5.5324419344e-01 1.8269577558e+03
-5.4839480758e-01 1.8238866052e+03
-5.4476904597e-01 1.8208222310e+03
-5.4248323660e-01 1.8177635168e+03
-5.4173249002e-01 1.8147102675e+03
-5.4277263185e-01 1.8116622274e+03
-5.4578578903e-01 1.8086192142e+03
-5.5084911898e-01 1.8055811509e+03
-5.5805843491e-01 1.8025479416e+03
-5.6761738284e-01 1.7995193826e+03
-5.7964939500e-01 1.7964953506e+03
-5.9370103860e-01 1.7934772990e+03
-6.0828068677e-01 1.7904647193e+03
-6.2092580173e-01 1.7874610742e+03
-6.2900614591e-01 1.7844689939e+03
-6.3091970152e-01 1.7814890803e+03
-6.2695425740e-01 1.7785230457e+03
-6.1925128755e-01 1.7755667487e+03
-6.1086509400e-01 1.7726191349e+03
-6.0448052653e-01 1.7696755195e+03
-6.0147981496e-01 1.7667355202e+03
-6.0171925896e-01 1.7637982807e+03
-6.0391060871e-01 1.7608670894e+03
-6.0622445505e-01 1.7579417755e+03
-6.0680849837e-01 1.7550251915e+03
-6.0413445467e-01 1.7521178655e+03
-5.9724088305e-01 1.7492217591e+03
-5.8589131341e-01 1.7463371087e+03
-5.7055570090e-01 1.7434634443e+03
-5.5212949167e-01 1.7405988705e+03
-5.3146315723e-01 1.7377425368e+03
-5.0897841071e-01 1.7348960216e+03
-4.8465350503e-01 1.7320563465e+03
-4.5846779617e-01 1.7292255322e+03
-4.3106936857e-01 1.7264029306e+03
-4.0428585597e-01 1.7235857141e+03
-3.8114335432e-01 1.7207718566e+03
-3.6526010216e-01 1.7179567399e+03
-3.5964197432e-01 1.7151383580e+03
-3.6518774843e-01 1.7123148123e+03
-3.7967031660e-01 1.7094883297e+03
-3.9814983131e-01 1.7066648502e+03
-4.1498669041e-01 1.7038490133e+03
-4.2633989118e-01 1.7010456601e+03
-4.3175128379e-01 1.6982542487e+03
-4.3424158367e-01 1.6954717584e+03
-4.3898452223e-01 1.6926930155e+03
-4.5072379757e-01 1.6899142762e+03
-4.7084691888e-01 1.6871331531e+03
-4.9632276653e-01 1.6843526772e+03
-5.2173830997e-01 1.6815782617e+03
-5.4246254692e-01 1.6788155375e+03
-5.5618573455e-01 1.6760658143e+03
-5.6254158151e-01 1.6733284584e+03
-5.6215326325e-01 1.6706048467e+03
-5.5605539936e-01 1.6678939446e+03
-5.4562620971e-01 1.6651923738e+03
-5.3273898542e-01 1.6624992610e+03
-5.1981979956e-01 1.6598131802e+03
-5.0960630155e-01 1.6571293937e+03
-5.0463227148e-01 1.6544473677e+03
-5.0657502510e-01 1.6517634250e+03
-5.1570566812e-01 1.6490792943e+03
-5.3068858453e-01 1.6463943114e+03
-5.4889746592e-01 1.6437131025e+03
-5.6724815389e-01 1.6410367518e+03
-5.8329078745e-01 1.6383697092e+03
-5.9612846980e-01 1.6357108715e+03
-6.0670713803e-01 1.6330602929e+03
-6.1722332602e-01 1.6304157767e+03
-6.2970355624e-01 1.6277752964e+03
-6.4421464148e-01 1.6251387854e+03
-6.5764530930e-01 1.6225083547e+03
-6.6426435928e-01 1.6198917356e+03
-6.5845246956e-01 1.6172925475e+03
-6.3811061153e-01 1.6147138894e+03
-6.0625224925e-01 1.6121527478e+03
-5.6977312214e-01 1.6096012269e+03
-5.3659033239e-01 1.6070534097e+03
-5.1286758846e-01 1.6045011324e+03
-5.0127637820e-01 1.6019417236e+03
-5.0054828806e-01 1.5993784517e+03
-5.0628945496e-01 1.5968137105e+03
-5.1278331561e-01 1.5942542167e+03
-5.1515077135e-01 1.5917038492e+03
-5.1103650049e-01 1.5891659635e+03
-5.0117022777e-01 1.5866388298e+03
-4.8866300210e-01 1.5841213370e+03
-4.7745478234e-01 1.5816065452e+03
-4.7065880007e-01 1.5790943412e+03
-4.6951032823e-01 1.5765804897e+03
-4.7327017350e-01 1.5740687298e+03
-4.7997045460e-01 1.5715590295e+03
-4.8752152979e-01 1.5690534785e+03
-4.9463364680e-01 1.5665543664e+03
-5.0115939473e-01 1.5640608406e+03
-5.0778116934e-01 1.5615732188e+03
-5.1526384139e-01 1.5590897362e+03
-5.2365555604e-01 1.5566113444e+03
-5.3183411911e-01 1.5541381659e+03
-5.3764175558e-01 1.5516723582e+03
-5.3859683435e-01 1.5492174032e+03
-5.3289513157e-01 1.5467741049e+03
-5.2025923185e-01 1.5443437408e+03
-5.0224280324e-01 1.5419237572e+03
-4.8185914609e-01 1.5395111409e+03
-4.6271970129e-01 1.5371022803e+03
-4.4807919180e-01 1.5346949208e+03
-4.4014845827e-01 1.5322858515e+03
-4.3983966986e-01 1.5298741603e+03
-4.4687137015e-01 1.5274611286e+03
-4.6007470374e-01 1.5250469253e+03
-4.7778637464e-01 1.5226322136e+03
-4.9827121882e-01 1.5202217288e+03
-5.2010025059e-01 1.5178138997e+03
-5.4234657432e-01 1.5154106534e+03
-5.6447897690e-01 1.5130135210e+03
-5.8598831675e-01 1.5106220117e+03
-6.0597602150e-01 1.5082370240e+03
-6.2300785886e-01 1.5058599921e+03
-6.3537664372e-01 1.5034926234e+03
-6.4163141440e-01 1.5011363686e+03
-6.4104169746e-01 1.4987919583e+03
-6.3371152774e-01 1.4964602885e+03
-6.2029392857e-01 1.4941387061e+03
-6.0151907252e-01 1.4918284809e+03
-5.7788566207e-01 1.4895271143e+03
-5.4990359403e-01 1.4872350964e+03
-5.1896758672e-01 1.4849520324e+03
-4.8809858603e-01 1.4826729014e+03
-4.6134177815e-01 1.4803946582e+03
-4.4207198053e-01 1.4781149280e+03
-4.3184663589e-01 1.4758301534e+03
-4.3042977495e-01 1.4735415702e+03
-4.3632302971e-01 1.4712506770e+03
-4.4732287894e-01 1.4689596771e+03
-4.6105327904e-01 1.4666709467e+03
-4.7544506427e-01 1.4643865549e+03
-4.8902821445e-01 1.4621069718e+03
-5.0097965080e-01 1.4598350203e+03
-5.1100495980e-01 1.4575689950e+03
-5.1923100646e-01 1.4553097690e+03
-5.2624051021e-01 1.4530567595e+03
-5.3322452465e-01 1.4508077755e+03
-5.4186469831e-01 1.4485631353e+03
-5.5341302053e-01 1.4463195870e+03
-5.6743356504e-01 1.4440775664e+03
-5.8178693406e-01 1.4418412131e+03
-5.9393353111e-01 1.4396110665e+03
-6.0191995399e-01 1.4373900800e+03
-6.0446602222e-01 1.4351795340e+03
-6.0076421834e-01 1.4329802358e+03
-5.9046107372e-01 1.4307915389e+03
-5.7387517350e-01 1.4286131248e+03
-5.5226591293e-01 1.4264457341e+03
-5.2788818534e-01 1.4242851118e+03
-5.0363882519e-01 1.4221293612e+03
-4.8231510516e-01 1.4199746849e+03
-4.6574956636e-01 1.4178202504e+03
-4.5421866327e-01 1.4156647813e+03
-4.4639656872e-01 1.4135106034e+03
-4.3985361552e-01 1.4113601464e+03
-4.3184799265e-01 1.4092151520e+03
-4.2007334589e-01 1.4070779267e+03
-4.0313932741e-01 1.4049518607e+03
-3.8076052407e-01 1.4028342395e+03
-3.5376711764e-01 1.4007262329e+03
-3.2401804161e-01 1.3986259820e+03
-2.9417620097e-01 1.3965298238e+03
-2.6723996459e-01 1.3944357600e+03
-2.4584837596e-01 1.3923401516e+03
-2.3157934272e-01 1.3902414207e+03
-2.2455211961e-01 1.3881404479e+03
-2.2352460325e-01 1.3860374754e+03
-2.2647468818e-01 1.3839355253e+03
-2.3152581249e-01 1.3818354742e+03
-2.3787473525e-01 1.3797391253e+03
-2.4608331662e-01 1.3776449167e+03
-2.5725871405e-01 1.3755517413e+03
-2.7169532310e-01 1.3734593047e+03
-2.8817018467e-01 1.3713698298e+03
-3.0425438132e-01 1.3692847456e+03
-3.1709095255e-01 1.3672079090e+03
-3.2417296090e-01 1.3651408270e+03
-3.2400782551e-01 1.3630849922e+03
-3.1661404992e-01 1.3610403860e+03
-3.0369894164e-01 1.3590063011e+03
-2.8841005633e-01 1.3569785899e+03
-2.7471666629e-01 1.3549532833e+03
-2.6660722670e-01 1.3529263928e+03
-2.6720221502e-01 1.3508957978e+03
-2.7779881009e-01 1.3488582012e+03
-2.9698749193e-01 1.3468170125e+03
-3.2042157318e-01 1.3447755784e+03
-3.4191016530e-01 1.3427410898e+03
-3.5562774251e-01 1.3407173723e+03
-3.5810273997e-01 1.3387098973e+03
-3.4878199346e-01 1.3367182180e+03
-3.2927884613e-01 1.3347407212e+03
-3.0225810046e-01 1.3327747419e+03
-2.7071139073e-01 1.3308172886e+03
-2.3777673807e-01 1.3288652233e+03
-2.0683749273e-01 1.3269151625e+03
-1.8146894735e-01 1.3249645311e+03
-1.6488816204e-01 1.3230081118e+03
-1.5887519213e-01 1.3210461248e+03
-1.6268033015e-01 1.3190773197e+03
-1.7279364652e-01 1.3171072064e+03
-1.8410852171e-01 1.3151388915e+03
-1.9198119665e-01 1.3131790188e+03
-1.9390766579e-01 1.3112290923e+03
-1.8987624630e-01 1.3092881238e+03
-1.8151419199e-01 1.3073564858e+03
-1.7089968720e-01 1.3054301003e+03
-1.5978644226e-01 1.3035092136e+03
-1.4945534437e-01 1.3015905447e+03
-1.4099156553e-01 1.2996750084e+03
-1.3562582046e-01 1.2977593742e+03
-1.3478262289e-01 1.2958432174e+03
-1.3964549402e-01 1.2939263545e+03
-1.5045346284e-01 1.2920065465e+03
-1.6611976926e-01 1.2900858802e+03
-1.8452656647e-01 1.2881654734e+03
-2.0321549165e-01 1.2862497845e+03
-2.1993593825e-01 1.2843400641e+03
-2.3290375312e-01 1.2824370962e+03
-2.4090438665e-01 1.2805430956e+03
-2.4337424687e-01 1.2786586258e+03
-2.4049168249e-01 1.2767835083e+03
-2.3323969210e-01 1.2749167603e+03
-2.2336666016e-01 1.2730556333e+03
-2.1313343288e-01 1.2711998666e+03
-2.0479709306e-01 1.2693452029e+03
-1.9994686529e-01 1.2674910531e+03
-1.9896328217e-01 1.2656360367e+03
-2.0087925698e-01 1.2637821207e+03
-2.0375342127e-01 1.2619322466e+03
-2.0542491773e-01 1.2600855751e+03
-2.0435509743e-01 1.2582466449e+03
-2.0020210784e-01 1.2564137979e+03
-1.9385819359e-01 1.2545871418e+03
-1.8691380640e-01 1.2527650862e+03
-1.8081971655e-01 1.2509451803e+03
-1.7619391102e-01 1.2491278061e+03
-1.7263143153e-01 1.2473133686e+03
-1.6907660218e-01 1.2455019234e+03
-1.6453013791e-01 1.2436954699e+03
-1.5873927202e-01 1.2418932607e+03
-1.5245322634e-01 1.2400965468e+03
-1.4692634238e-01 1.2383010737e+03
-1.4292126491e-01 1.2365090787e+03
-1.4007924842e-01 1.2347189208e+03
-1.3719468360e-01 1.2329318053e+03
-1.3303145738e-01 1.2311509685e+03
-1.2707754858e-01 1.2293739225e+03
-1.1997167429e-01 1.2276030283e+03
-1.1349810642e-01 1.2258335019e+03
-1.1007682385e-01 1.2240659232e+03
-1.1180746639e-01 1.2222961925e+03
-1.1936990561e-01 1.2205236301e+03
-1.3123798456e-01 1.2187507620e+03
-1.4370968080e-01 1.2169812903e+03
-1.5200506738e-01 1.2152189949e+03
-1.5199689878e-01 1.2134680031e+03
-1.4154840480e-01 1.2117314516e+03
-1.2076839072e-01 1.2100092316e+03
-9.1416973581e-02 1.2082985830e+03
-5.6146183333e-02 1.2065968538e+03
-1.7944851456e-02 1.2049020551e+03
2.0275405119e-02 1.2032102754e+03
5.6096199342e-02 1.2015200962e+03
8.7955797961e-02 1.1998289558e+03
1.1525237084e-01 1.1981362524e+03
1.3807571176e-01 1.1964430757e+03
1.5672639203e-01 1.1947487264e+03
1.7134575796e-01 1.1930543458e+03
1.8189749891e-01 1.1913588975e+03
1.8850938653e-01 1.1896625094e+03
1.9190263717e-01 1.1879669026e+03
1.9348648769e-01 1.1862724865e+03
1.9484724724e-01 1.1845818472e+03
1.9687296173e-01 1.1828948730e+03
1.9913241450e-01 1.1812111324e+03
1.9995192217e-01 1.1795289519e+03
1.9714661592e-01 1.1778471466e+03
1.8911416182e-01 1.1761631142e+03
1.7593765885e-01 1.1744769377e+03
1.5996978962e-01 1.1727919698e+03
1.4535372907e-01 1.1711113537e+03
1.3651214254e-01 1.1694395121e+03
1.3647803660e-01 1.1677794780e+03
1.4599995915e-01 1.1661330000e+03
1.6360752211e-01 1.1644976075e+03
1.8620776296e-01 1.1628702078e+03
2.0978717650e-01 1.1612477872e+03
2.3012607784e-01 1.1596241261e+03
2.4368191725e-01 1.1579976819e+03
2.4868491818e-01 1.1563656849e+03
2.4592352899e-01 1.1547289235e+03
2.3840581764e-01 1.1530914058e+03
2.2990979395e-01 1.1514549098e+03
2.2351599141e-01 1.1498245160e+03
2.2098400582e-01 1.1482009840e+03
2.2285161164e-01 1.1465848516e+03
2.2877041227e-01 1.1449757704e+03
2.3779458179e-01 1.1433727946e+03
2.4859339251e-01 1.1417755934e+03
2.5962873721e-01 1.1401806287e+03
2.6933370003e-01 1.1385883337e+03
2.7631615690e-01 1.1369963162e+03
2.7959617437e-01 1.1354035962e+03
2.7884524059e-01 1.1338098452e+03
2.7453833366e-01 1.1322155383e+03
2.6791060155e-01 1.1306219106e+03
2.6067651481e-01 1.1290306765e+03
2.5458757898e-01 1.1274445876e+03
2.5101707454e-01 1.1258630171e+03
2.5075604270e-01 1.1242887560e+03
2.5408561372e-01 1.1227200856e+03
2.6100226648e-01 1.1211590023e+03
2.7137259578e-01 1.1196033726e+03
2.8485430659e-01 1.1180548543e+03
3.0064953947e-01 1.1165106495e+03
3.1733803075e-01 1.1149713380e+03
3.3304482377e-01 1.1134330448e+03
3.4596540606e-01 1.1118959654e+03
3.5499209607e-01 1.1103569921e+03
3.6008194305e-01 1.1088180819e+03
3.6214955345e-01 1.1072781496e+03
3.6257762521e-01 1.1057405776e+03
3.6266828676e-01 1.1042046683e+03
3.6334747546e-01 1.1026723475e+03
3.6520326390e-01 1.1011442033e+03
3.6867913517e-01 1.0996216791e+03
3.7416481503e-01 1.0981031648e+03
3.8188084409e-01 1.0965898808e+03
3.9170143517e-01 1.0950817014e+03
4.0315324668e-01 1.0935771532e+03
4.1568919404e-01 1.0920776892e+03
4.2906363476e-01 1.0905820636e+03
4.4349396570e-01 1.0890894940e+03
4.5940793555e-01 1.0876024079e+03
4.7687481183e-01 1.0861188748e+03
4.9506593032e-01 1.0846390659e+03
5.1209974045e-01 1.0831610997e+03
5.2541633494e-01 1.0816824163e+03
5.3253189844e-01 1.0801995319e+03
5.3183437060e-01 1.0787128344e+03
5.2308697148e-01 1.0772200870e+03
5.0747189523e-01 1.0757234719e+03
4.8724704226e-01 1.0742252470e+03
4.6523089970e-01 1.0727282309e+03
4.4432680173e-01 1.0712343268e+03
4.2715898174e-01 1.0697471590e+03
4.1578003548e-01 1.0682687800e+03
4.1140261795e-01 1.0668004026e+03
4.1420417143e-01 1.0653422042e+03
4.2331220524e-01 1.0638923122e+03
4.3701474583e-01 1.0624500147e+03
4.5310018228e-01 1.0610131002e+03
4.6917119186e-01 1.0595791712e+03
4.8286042289e-01 1.0581448604e+03
4.9208134557e-01 1.0567090813e+03
4.9559307386e-01 1.0552705931e+03
4.9389674026e-01 1.0538298967e+03
4.8956445449e-01 1.0523885645e+03
4.8588355585e-01 1.0509508836e+03
4.8470893199e-01 1.0495177089e+03
4.8574602810e-01 1.0480907460e+03
4.8758811354e-01 1.0466665881e+03
4.8910791272e-01 1.0452451079e+03
4.9015901407e-01 1.0438251590e+03
4.9131543945e-01 1.0424083154e+03
4.9308703812e-01 1.0409950870e+03
4.9538252343e-01 1.0395843825e+03
4.9757465454e-01 1.0381765747e+03
4.9895293154e-01 1.0367709529e+03
4.9924247840e-01 1.0353662425e+03
4.9893523749e-01 1.0339639352e+03
4.9920961326e-01 1.0325642096e+03
5.0135484787e-01 1.0311693548e+03
5.0596126767e-01 1.0297799613e+03
5.1237385251e-01 1.0283953739e+03
5.1871303518e-01 1.0270127130e+03
5.2241977842e-01 1.0256294198e+03
5.2128303940e-01 1.0242442830e+03
5.1504204733e-01 1.0228570420e+03
5.0675584344e-01 1.0214697558e+03
5.0156435846e-01 1.0200885644e+03
5.0289545660e-01 1.0187158955e+03
5.1072759330e-01 1.0173527276e+03
5.2327209877e-01 1.0159972721e+03
5.3875735115e-01 1.0146467574e+03
5.5569610064e-01 1.0132996961e+03
5.7235776967e-01 1.0119553578e+03
5.8642701925e-01 1.0106114270e+03
5.9546982518e-01 1.0092644698e+03
5.9807029312e-01 1.0079140703e+03
5.9467650046e-01 1.0065596765e+03
5.8742792674e-01 1.0052044279e+03
5.7933686676e-01 1.0038503369e+03
5.7352670394e-01 1.0025005267e+03
5.7259625495e-01 1.0011595963e+03
5.7775546521e-01 9.9982585547e+02
5.8788528626e-01 9.9850008529e+02
5.9971678465e-01 9.9717841678e+02
6.0979834675e-01 9.9585749835e+02
6.1657263104e-01 9.9453567263e+02
6.2072190007e-01 9.9321372190e+02
6.2421307858e-01 9.9189351308e+02
6.2920007101e-01 9.9057730007e+02
6.3709980236e-01 9.8926629980e+02
6.4783766875e-01 9.8796073767e+02
6.5963792815e-01 9.8665853793e+02
6.6976527272e-01 9.8535706527e+02
6.7589214395e-01 9.8405409214e+02
6.7726005991e-01 9.8274866006e+02
6.7518035744e-01 9.8144228036e+02
6.7280590357e-01 9.8013790590e+02
6.7395468811e-01 9.7883945469e+02
6.8101639678e-01 9.7754931640e+02
6.9336868743e-01 9.7626686869e+02
7.0799894409e-01 9.7498899894e+02
7.2149887062e-01 9.7371239887e+02
7.3127810471e-01 9.7243447810e+02
7.3559786674e-01 9.7115339787e+02
7.3341020510e-01 9.6986811021e+02
7.2472492907e-01 9.6857872493e+02
7.1132836652e-01 9.6728702837e+02
6.9686431484e-01 9.6599646431e+02
6.8544901353e-01 9.6471134901e+02
6.7960501286e-01 9.6343410501e+02
6.7925611191e-01 9.6216465611e+02
6.8226317794e-01 9.6090086318e+02
6.8556689987e-01 9.5963966690e+02
6.8615328521e-01 9.5837815329e+02
6.8175696019e-01 9.5711385696e+02
6.7139089288e-01 9.5584589089e+02
6.5551080459e-01 9.5457471080e+02
6.3552000231e-01 9.5330162000e+02
6.1284150001e-01 9.5202824150e+02
5.8837658021e-01 9.5075517658e+02
5.6286281010e-01 9.4948346281e+02
5.3761876535e-01 9.4821421877e+02
5.1472728088e-01 9.4694952728e+02
4.9638876536e-01 9.4569168877e+02
4.8407849162e-01 9.4444217849e+02
4.7825051846e-01 9.4320135052e+02
4.7867360249e-01 9.4196897360e+02
4.8496309360e-01 9.4074466309e+02
4.9675160064e-01 9.3952805160e+02
5.1305630858e-01 9.3831825631e+02
5.3104421884e-01 9.3711224422e+02
5.4595981351e-01 9.3590545981e+02
5.5368893200e-01 9.3469368893e+02
5.5326141847e-01 9.3347596142e+02
5.4636654520e-01 9.3225386655e+02
5.3569663736e-01 9.3103019664e+02
5.2447735245e-01 9.2980817735e+02
5.1722772608e-01 9.2859232773e+02
5.2039654684e-01 9.2738909655e+02
5.4044405188e-01 9.2620484405e+02
5.7831599907e-01 9.2504061600e+02
6.2636032074e-01 9.2388866032e+02
6.7369622659e-01 9.2273819623e+02
7.1290300223e-01 9.2158170300e+02
7.4080113311e-01 9.2041600113e+02
7.5641403748e-01 9.1924021404e+02
7.5984435005e-01 9.1805434435e+02
7.5234889602e-01 9.1685974890e+02
7.3666365857e-01 9.1565906366e+02
7.1683913064e-01 9.1445623913e+02
6.9736109892e-01 9.1325596110e+02
6.8185086411e-01 9.1206175086e+02
6.7196102901e-01 9.1087526103e+02
6.6703538406e-01 9.0969583538e+02
6.6477286224e-01 9.0852117286e+02
6.6260006285e-01 9.0734860006e+02
6.5893443389e-01 9.0617673443e+02
6.5361874931e-01 9.0500521875e+02
6.4752220767e-01 9.0383502221e+02
6.4189703415e-01 9.0266729703e+02
6.3796341170e-01 9.0150346341e+02
6.3678449922e-01 9.0034428450e+02
6.3923086046e-01 8.9919093086e+02
6.4585713191e-01 8.9804365713e+02
6.5669435977e-01 8.9690279436e+02
6.7117209048e-01 8.9576747209e+02
6.8835964907e-01 8.9463695965e+02
7.0738353308e-01 8.9351028353e+02
7.2765384686e-01 8.9238695385e+02
7.4859645237e-01 8.9126629645e+02
7.6871289703e-01 8.9014671290e+02
7.8436776510e-01 8.8902476777e+02
7.9047922686e-01 8.8789537923e+02
7.8504738223e-01 8.8675634738e+02
7.7231684405e-01 8.8561201684e+02
7.5906884910e-01 8.8446906885e+02
7.4998066837e-01 8.8333238067e+02
7.4689161511e-01 8.8220369162e+02
7.4974845866e-01 8.8108294846e+02
7.5724950806e-01 8.7996874951e+02
7.6713781094e-01 8.7885893781e+02
7.7655553918e-01 8.7775065554e+02
7.8260920376e-01 8.7664090920e+02
7.8298759668e-01 8.7552738760e+02
7.7636392620e-01 8.7440896393e+02
7.6245720617e-01 8.7328515721e+02
7.4186437730e-01 8.7215656438e+02
7.1586927420e-01 8.7102456927e+02
6.8632330107e-01 8.6989092330e+02
6.5550734645e-01 8.6875790735e+02
6.2580976472e-01 8.6762800976e+02
5.9923231499e-01 8.6650313231e+02
5.7697319464e-01 8.6538447319e+02
5.5933989108e-01 8.6427233989e+02
5.4595749913e-01 8.6316635750e+02
5.3610948935e-01 8.6206590949e+02
5.2900919632e-01 8.6097000920e+02
5.2396691428e-01 8.5987816691e+02
5.2039766599e-01 8.5878959767e+02
5.1785998026e-01 8.5770395998e+02
5.1595366124e-01 8.5662085366e+02
5.1481069575e-01 8.5554041070e+02
5.1395070221e-01 8.5446205070e+02
5.1200000000e-01 8.5338460000e+02
5.1200000000e-01 8.5231090000e+02
5.1200000000e-01 8.5123910000e+02
5.1200000000e-01 8.5016910000e+02
6.1240000000e-01 8.4920130000e+02
6.2940000000e-01 8.4815210000e+02
7.0650000000e-01 8.4716480000e+02
6.3860000000e-01 8.4603430000e+02
