# freq, loss, tloss [(1 - loss)*Tant]
50.012207 9.956832e-01 1.277783e+00
50.061035 9.957113e-01 1.269461e+00
50.109863 9.957389e-01 1.261280e+00
50.158691 9.957661e-01 1.253239e+00
50.207520 9.957928e-01 1.245336e+00
50.256348 9.958190e-01 1.237571e+00
50.305176 9.958448e-01 1.229943e+00
50.354004 9.958701e-01 1.222450e+00
50.402832 9.958950e-01 1.215091e+00
50.451660 9.959194e-01 1.207865e+00
50.500488 9.959433e-01 1.200771e+00
50.549316 9.959669e-01 1.193809e+00
50.598145 9.959899e-01 1.186975e+00
50.646973 9.960126e-01 1.180271e+00
50.695801 9.960348e-01 1.173694e+00
50.744629 9.960566e-01 1.167244e+00
50.793457 9.960780e-01 1.160919e+00
50.842285 9.960989e-01 1.154719e+00
50.891113 9.961195e-01 1.148642e+00
50.939941 9.961396e-01 1.142687e+00
50.988770 9.961593e-01 1.136853e+00
51.037598 9.961786e-01 1.131139e+00
51.086426 9.961975e-01 1.125544e+00
51.135254 9.962160e-01 1.120067e+00
51.184082 9.962341e-01 1.114707e+00
51.232910 9.962518e-01 1.109463e+00
51.281738 9.962691e-01 1.104333e+00
51.330566 9.962861e-01 1.099318e+00
51.379395 9.963027e-01 1.094415e+00
51.428223 9.963188e-01 1.089623e+00
51.477051 9.963347e-01 1.084943e+00
51.525879 9.963501e-01 1.080372e+00
51.574707 9.963652e-01 1.075909e+00
51.623535 9.963799e-01 1.071554e+00
51.672363 9.963942e-01 1.067306e+00
51.721191 9.964082e-01 1.063163e+00
51.770020 9.964219e-01 1.059125e+00
51.818848 9.964352e-01 1.055191e+00
51.867676 9.964481e-01 1.051359e+00
51.916504 9.964607e-01 1.047629e+00
51.965332 9.964730e-01 1.043999e+00
52.014160 9.964849e-01 1.040470e+00
52.062988 9.964965e-01 1.037039e+00
52.111816 9.965078e-01 1.033705e+00
52.160645 9.965187e-01 1.030469e+00
52.209473 9.965293e-01 1.027328e+00
52.258301 9.965396e-01 1.024283e+00
52.307129 9.965496e-01 1.021331e+00
52.355957 9.965592e-01 1.018473e+00
52.404785 9.965686e-01 1.015706e+00
52.453613 9.965776e-01 1.013031e+00
52.502441 9.965863e-01 1.010446e+00
52.551270 9.965948e-01 1.007951e+00
52.600098 9.966029e-01 1.005544e+00
52.648926 9.966107e-01 1.003225e+00
52.697754 9.966183e-01 1.000992e+00
52.746582 9.966255e-01 9.988452e-01
52.795410 9.966325e-01 9.967834e-01
52.844238 9.966392e-01 9.948057e-01
52.893066 9.966456e-01 9.929111e-01
52.941895 9.966517e-01 9.910988e-01
52.990723 9.966575e-01 9.893680e-01
53.039551 9.966631e-01 9.877179e-01
53.088379 9.966684e-01 9.861475e-01
53.137207 9.966735e-01 9.846560e-01
53.186035 9.966782e-01 9.832426e-01
53.234863 9.966827e-01 9.819064e-01
53.283691 9.966870e-01 9.806467e-01
53.332520 9.966910e-01 9.794625e-01
53.381348 9.966948e-01 9.783531e-01
53.430176 9.966983e-01 9.773177e-01
53.479004 9.967015e-01 9.763554e-01
53.527832 9.967045e-01 9.754654e-01
53.576660 9.967073e-01 9.746470e-01
53.625488 9.967098e-01 9.738994e-01
53.674316 9.967121e-01 9.732217e-01
53.723145 9.967141e-01 9.726132e-01
53.771973 9.967160e-01 9.720731e-01
53.820801 9.967176e-01 9.716007e-01
53.869629 9.967189e-01 9.711951e-01
53.918457 9.967201e-01 9.708556e-01
53.967285 9.967210e-01 9.705815e-01
54.016113 9.967217e-01 9.703719e-01
54.064941 9.967222e-01 9.702262e-01
54.113770 9.967225e-01 9.701436e-01
54.162598 9.967226e-01 9.701234e-01
54.211426 9.967224e-01 9.701648e-01
54.260254 9.967221e-01 9.702671e-01
54.309082 9.967215e-01 9.704296e-01
54.357910 9.967208e-01 9.706515e-01
54.406738 9.967198e-01 9.709322e-01
54.455566 9.967187e-01 9.712709e-01
54.504395 9.967173e-01 9.716670e-01
54.553223 9.967158e-01 9.721197e-01
54.602051 9.967141e-01 9.726283e-01
54.650879 9.967122e-01 9.731922e-01
54.699707 9.967101e-01 9.738106e-01
54.748535 9.967078e-01 9.744830e-01
54.797363 9.967054e-01 9.752085e-01
54.846191 9.967027e-01 9.759866e-01
54.895020 9.966999e-01 9.768165e-01
54.943848 9.966970e-01 9.776977e-01
54.992676 9.966938e-01 9.786294e-01
55.041504 9.966905e-01 9.796110e-01
55.090332 9.966870e-01 9.806418e-01
55.139160 9.966834e-01 9.817213e-01
55.187988 9.966796e-01 9.828487e-01
55.236816 9.966756e-01 9.840234e-01
55.285645 9.966715e-01 9.852449e-01
55.334473 9.966672e-01 9.865124e-01
55.383301 9.966628e-01 9.878253e-01
55.432129 9.966582e-01 9.891831e-01
55.480957 9.966534e-01 9.905851e-01
55.529785 9.966485e-01 9.920307e-01
55.578613 9.966435e-01 9.935193e-01
55.627441 9.966383e-01 9.950503e-01
55.676270 9.966330e-01 9.966232e-01
55.725098 9.966276e-01 9.982372e-01
55.773926 9.966220e-01 9.998919e-01
55.822754 9.966163e-01 1.001587e+00
55.871582 9.966104e-01 1.003321e+00
55.920410 9.966044e-01 1.005094e+00
55.969238 9.965983e-01 1.006905e+00
56.018066 9.965920e-01 1.008754e+00
56.066895 9.965857e-01 1.010641e+00
56.115723 9.965792e-01 1.012564e+00
56.164551 9.965726e-01 1.014523e+00
56.213379 9.965658e-01 1.016517e+00
56.262207 9.965590e-01 1.018547e+00
56.311035 9.965520e-01 1.020611e+00
56.359863 9.965449e-01 1.022708e+00
56.408691 9.965377e-01 1.024840e+00
56.457520 9.965304e-01 1.027004e+00
56.506348 9.965230e-01 1.029200e+00
56.555176 9.965154e-01 1.031428e+00
56.604004 9.965078e-01 1.033687e+00
56.652832 9.965001e-01 1.035978e+00
56.701660 9.964922e-01 1.038298e+00
56.750488 9.964843e-01 1.040648e+00
56.799316 9.964763e-01 1.043027e+00
56.848145 9.964681e-01 1.045435e+00
56.896973 9.964599e-01 1.047872e+00
56.945801 9.964516e-01 1.050336e+00
56.994629 9.964432e-01 1.052827e+00
57.043457 9.964346e-01 1.055345e+00
57.092285 9.964261e-01 1.057889e+00
57.141113 9.964174e-01 1.060459e+00
57.189941 9.964086e-01 1.063055e+00
57.238770 9.963997e-01 1.065675e+00
57.287598 9.963908e-01 1.068320e+00
57.336426 9.963818e-01 1.070988e+00
57.385254 9.963727e-01 1.073680e+00
57.434082 9.963635e-01 1.076395e+00
57.482910 9.963543e-01 1.079133e+00
57.531738 9.963450e-01 1.081893e+00
57.580566 9.963356e-01 1.084674e+00
57.629395 9.963261e-01 1.087477e+00
57.678223 9.963166e-01 1.090300e+00
57.727051 9.963069e-01 1.093144e+00
57.775879 9.962973e-01 1.096008e+00
57.824707 9.962875e-01 1.098891e+00
57.873535 9.962777e-01 1.101793e+00
57.922363 9.962679e-01 1.104714e+00
57.971191 9.962579e-01 1.107653e+00
58.020020 9.962479e-01 1.110610e+00
58.068848 9.962379e-01 1.113585e+00
58.117676 9.962278e-01 1.116576e+00
58.166504 9.962176e-01 1.119584e+00
58.215332 9.962074e-01 1.122608e+00
58.264160 9.961971e-01 1.125649e+00
58.312988 9.961868e-01 1.128704e+00
58.361816 9.961764e-01 1.131774e+00
58.410645 9.961660e-01 1.134859e+00
58.459473 9.961555e-01 1.137959e+00
58.508301 9.961450e-01 1.141072e+00
58.557129 9.961345e-01 1.144199e+00
58.605957 9.961239e-01 1.147338e+00
58.654785 9.961132e-01 1.150491e+00
58.703613 9.961025e-01 1.153656e+00
58.752441 9.960918e-01 1.156832e+00
58.801270 9.960810e-01 1.160021e+00
58.850098 9.960702e-01 1.163221e+00
58.898926 9.960594e-01 1.166432e+00
58.947754 9.960485e-01 1.169653e+00
58.996582 9.960376e-01 1.172884e+00
59.045410 9.960266e-01 1.176126e+00
59.094238 9.960156e-01 1.179377e+00
59.143066 9.960046e-01 1.182637e+00
59.191895 9.959936e-01 1.185906e+00
59.240723 9.959825e-01 1.189183e+00
59.289551 9.959714e-01 1.192469e+00
59.338379 9.959603e-01 1.195762e+00
59.387207 9.959491e-01 1.199063e+00
59.436035 9.959379e-01 1.202371e+00
59.484863 9.959267e-01 1.205687e+00
59.533691 9.959155e-01 1.209008e+00
59.582520 9.959043e-01 1.212336e+00
59.631348 9.958930e-01 1.215670e+00
59.680176 9.958817e-01 1.219010e+00
59.729004 9.958704e-01 1.222354e+00
59.777832 9.958591e-01 1.225704e+00
59.826660 9.958478e-01 1.229059e+00
59.875488 9.958364e-01 1.232418e+00
59.924316 9.958251e-01 1.235781e+00
59.973145 9.958137e-01 1.239148e+00
60.021973 9.958023e-01 1.242518e+00
60.070801 9.957909e-01 1.245892e+00
60.119629 9.957795e-01 1.249269e+00
60.168457 9.957681e-01 1.252648e+00
60.217285 9.957567e-01 1.256030e+00
60.266113 9.957452e-01 1.259414e+00
60.314941 9.957338e-01 1.262800e+00
60.363770 9.957223e-01 1.266187e+00
60.412598 9.957109e-01 1.269576e+00
60.461426 9.956994e-01 1.272966e+00
60.510254 9.956880e-01 1.276356e+00
60.559082 9.956765e-01 1.279747e+00
60.607910 9.956651e-01 1.283138e+00
60.656738 9.956536e-01 1.286530e+00
60.705566 9.956422e-01 1.289921e+00
60.754395 9.956307e-01 1.293312e+00
60.803223 9.956193e-01 1.296702e+00
60.852051 9.956078e-01 1.300090e+00
60.900879 9.955964e-01 1.303478e+00
60.949707 9.955849e-01 1.306864e+00
60.998535 9.955735e-01 1.310249e+00
61.047363 9.955621e-01 1.313631e+00
61.096191 9.955506e-01 1.317012e+00
61.145020 9.955392e-01 1.320390e+00
61.193848 9.955278e-01 1.323765e+00
61.242676 9.955164e-01 1.327137e+00
61.291504 9.955050e-01 1.330507e+00
61.340332 9.954937e-01 1.333873e+00
61.389160 9.954823e-01 1.337235e+00
61.437988 9.954710e-01 1.340594e+00
61.486816 9.954596e-01 1.343949e+00
61.535645 9.954483e-01 1.347300e+00
61.584473 9.954370e-01 1.350646e+00
61.633301 9.954257e-01 1.353988e+00
61.682129 9.954144e-01 1.357324e+00
61.730957 9.954032e-01 1.360656e+00
61.779785 9.953920e-01 1.363983e+00
61.828613 9.953807e-01 1.367304e+00
61.877441 9.953695e-01 1.370620e+00
61.926270 9.953583e-01 1.373929e+00
61.975098 9.953472e-01 1.377233e+00
62.023926 9.953360e-01 1.380531e+00
62.072754 9.953249e-01 1.383822e+00
62.121582 9.953138e-01 1.387107e+00
62.170410 9.953028e-01 1.390385e+00
62.219238 9.952917e-01 1.393656e+00
62.268066 9.952807e-01 1.396920e+00
62.316895 9.952697e-01 1.400176e+00
62.365723 9.952587e-01 1.403425e+00
62.414551 9.952477e-01 1.406667e+00
62.463379 9.952368e-01 1.409901e+00
62.512207 9.952259e-01 1.413126e+00
62.561035 9.952151e-01 1.416344e+00
62.609863 9.952042e-01 1.419553e+00
62.658691 9.951934e-01 1.422754e+00
62.707520 9.951826e-01 1.425946e+00
62.756348 9.951719e-01 1.429130e+00
62.805176 9.951611e-01 1.432304e+00
62.854004 9.951504e-01 1.435469e+00
62.902832 9.951398e-01 1.438625e+00
62.951660 9.951291e-01 1.441772e+00
63.000488 9.951186e-01 1.444909e+00
63.049316 9.951080e-01 1.448036e+00
63.098145 9.950975e-01 1.451154e+00
63.146973 9.950870e-01 1.454261e+00
63.195801 9.950765e-01 1.457358e+00
63.244629 9.950661e-01 1.460445e+00
63.293457 9.950557e-01 1.463522e+00
63.342285 9.950453e-01 1.466588e+00
63.391113 9.950350e-01 1.469643e+00
63.439941 9.950247e-01 1.472688e+00
63.488770 9.950145e-01 1.475721e+00
63.537598 9.950042e-01 1.478743e+00
63.586426 9.949941e-01 1.481755e+00
63.635254 9.949839e-01 1.484754e+00
63.684082 9.949738e-01 1.487743e+00
63.732910 9.949638e-01 1.490719e+00
63.781738 9.949538e-01 1.493684e+00
63.830566 9.949438e-01 1.496637e+00
63.879395 9.949339e-01 1.499579e+00
63.928223 9.949240e-01 1.502508e+00
63.977051 9.949141e-01 1.505424e+00
64.025879 9.949043e-01 1.508329e+00
64.074707 9.948945e-01 1.511221e+00
64.123535 9.948848e-01 1.514101e+00
64.172363 9.948751e-01 1.516968e+00
64.221191 9.948655e-01 1.519822e+00
64.270020 9.948559e-01 1.522663e+00
64.318848 9.948463e-01 1.525492e+00
64.367676 9.948368e-01 1.528307e+00
64.416504 9.948273e-01 1.531109e+00
64.465332 9.948179e-01 1.533898e+00
64.514160 9.948085e-01 1.536674e+00
64.562988 9.947992e-01 1.539436e+00
64.611816 9.947899e-01 1.542185e+00
64.660645 9.947807e-01 1.544920e+00
64.709473 9.947715e-01 1.547641e+00
64.758301 9.947623e-01 1.550349e+00
64.807129 9.947532e-01 1.553042e+00
64.855957 9.947442e-01 1.555722e+00
64.904785 9.947352e-01 1.558388e+00
64.953613 9.947262e-01 1.561039e+00
65.002441 9.947173e-01 1.563676e+00
65.051270 9.947084e-01 1.566299e+00
65.100098 9.946996e-01 1.568908e+00
65.148926 9.946909e-01 1.571502e+00
65.197754 9.946822e-01 1.574081e+00
65.246582 9.946735e-01 1.576646e+00
65.295410 9.946649e-01 1.579196e+00
65.344238 9.946563e-01 1.581732e+00
65.393066 9.946478e-01 1.584253e+00
65.441895 9.946393e-01 1.586758e+00
65.490723 9.946309e-01 1.589249e+00
65.539551 9.946226e-01 1.591725e+00
65.588379 9.946142e-01 1.594186e+00
65.637207 9.946060e-01 1.596631e+00
65.686035 9.945978e-01 1.599061e+00
65.734863 9.945896e-01 1.601476e+00
65.783691 9.945815e-01 1.603876e+00
65.832520 9.945734e-01 1.606261e+00
65.881348 9.945654e-01 1.608629e+00
65.930176 9.945575e-01 1.610983e+00
65.979004 9.945496e-01 1.613321e+00
66.027832 9.945417e-01 1.615643e+00
66.076660 9.945340e-01 1.617949e+00
66.125488 9.945262e-01 1.620240e+00
66.174316 9.945185e-01 1.622515e+00
66.223145 9.945109e-01 1.624775e+00
66.271973 9.945033e-01 1.627018e+00
66.320801 9.944958e-01 1.629246e+00
66.369629 9.944883e-01 1.631457e+00
66.418457 9.944809e-01 1.633653e+00
66.467285 9.944735e-01 1.635833e+00
66.516113 9.944662e-01 1.637996e+00
66.564941 9.944590e-01 1.640144e+00
66.613770 9.944518e-01 1.642275e+00
66.662598 9.944446e-01 1.644390e+00
66.711426 9.944375e-01 1.646489e+00
66.760254 9.944305e-01 1.648572e+00
66.809082 9.944235e-01 1.650639e+00
66.857910 9.944166e-01 1.652689e+00
66.906738 9.944097e-01 1.654723e+00
66.955566 9.944029e-01 1.656740e+00
67.004395 9.943961e-01 1.658741e+00
67.053223 9.943894e-01 1.660726e+00
67.102051 9.943828e-01 1.662694e+00
67.150879 9.943762e-01 1.664646e+00
67.199707 9.943697e-01 1.666582e+00
67.248535 9.943632e-01 1.668500e+00
67.297363 9.943567e-01 1.670403e+00
67.346191 9.943504e-01 1.672289e+00
67.395020 9.943441e-01 1.674158e+00
67.443848 9.943378e-01 1.676010e+00
67.492676 9.943316e-01 1.677846e+00
67.541504 9.943255e-01 1.679666e+00
67.590332 9.943194e-01 1.681469e+00
67.639160 9.943133e-01 1.683255e+00
67.687988 9.943074e-01 1.685024e+00
67.736816 9.943014e-01 1.686777e+00
67.785645 9.942956e-01 1.688513e+00
67.834473 9.942898e-01 1.690233e+00
67.883301 9.942840e-01 1.691936e+00
67.932129 9.942783e-01 1.693622e+00
67.980957 9.942727e-01 1.695291e+00
68.029785 9.942671e-01 1.696944e+00
68.078613 9.942616e-01 1.698580e+00
68.127441 9.942561e-01 1.700199e+00
68.176270 9.942507e-01 1.701801e+00
68.225098 9.942453e-01 1.703387e+00
68.273926 9.942400e-01 1.704956e+00
68.322754 9.942348e-01 1.706509e+00
68.371582 9.942296e-01 1.708044e+00
68.420410 9.942244e-01 1.709563e+00
68.469238 9.942194e-01 1.711065e+00
68.518066 9.942144e-01 1.712551e+00
68.566895 9.942094e-01 1.714019e+00
68.615723 9.942045e-01 1.715472e+00
68.664551 9.941996e-01 1.716907e+00
68.713379 9.941948e-01 1.718326e+00
68.762207 9.941901e-01 1.719728e+00
68.811035 9.941854e-01 1.721113e+00
68.859863 9.941808e-01 1.722482e+00
68.908691 9.941762e-01 1.723834e+00
68.957520 9.941717e-01 1.725169e+00
69.006348 9.941673e-01 1.726488e+00
69.055176 9.941629e-01 1.727790e+00
69.104004 9.941585e-01 1.729076e+00
69.152832 9.941542e-01 1.730345e+00
69.201660 9.941500e-01 1.731597e+00
69.250488 9.941458e-01 1.732833e+00
69.299316 9.941417e-01 1.734052e+00
69.348145 9.941377e-01 1.735255e+00
69.396973 9.941336e-01 1.736442e+00
69.445801 9.941297e-01 1.737612e+00
69.494629 9.941258e-01 1.738765e+00
69.543457 9.941220e-01 1.739902e+00
69.592285 9.941182e-01 1.741023e+00
69.641113 9.941144e-01 1.742127e+00
69.689941 9.941108e-01 1.743215e+00
69.738770 9.941071e-01 1.744287e+00
69.787598 9.941036e-01 1.745342e+00
69.836426 9.941001e-01 1.746381e+00
69.885254 9.940966e-01 1.747404e+00
69.934082 9.940932e-01 1.748411e+00
69.982910 9.940899e-01 1.749401e+00
70.031738 9.940866e-01 1.750375e+00
70.080566 9.940833e-01 1.751333e+00
70.129395 9.940802e-01 1.752275e+00
70.178223 9.940770e-01 1.753201e+00
70.227051 9.940739e-01 1.754111e+00
70.275879 9.940709e-01 1.755005e+00
70.324707 9.940680e-01 1.755883e+00
70.373535 9.940650e-01 1.756745e+00
70.422363 9.940622e-01 1.757592e+00
70.471191 9.940594e-01 1.758422e+00
70.520020 9.940566e-01 1.759236e+00
70.568848 9.940539e-01 1.760035e+00
70.617676 9.940513e-01 1.760818e+00
70.666504 9.940487e-01 1.761585e+00
70.715332 9.940462e-01 1.762337e+00
70.764160 9.940437e-01 1.763073e+00
70.812988 9.940412e-01 1.763793e+00
70.861816 9.940389e-01 1.764498e+00
70.910645 9.940365e-01 1.765187e+00
70.959473 9.940343e-01 1.765861e+00
71.008301 9.940320e-01 1.766520e+00
71.057129 9.940299e-01 1.767163e+00
71.105957 9.940277e-01 1.767791e+00
71.154785 9.940257e-01 1.768403e+00
71.203613 9.940236e-01 1.769000e+00
71.252441 9.940217e-01 1.769582e+00
71.301270 9.940198e-01 1.770149e+00
71.350098 9.940179e-01 1.770701e+00
71.398926 9.940161e-01 1.771238e+00
71.447754 9.940143e-01 1.771759e+00
71.496582 9.940126e-01 1.772266e+00
71.545410 9.940110e-01 1.772758e+00
71.594238 9.940093e-01 1.773235e+00
71.643066 9.940078e-01 1.773697e+00
71.691895 9.940063e-01 1.774144e+00
71.740723 9.940048e-01 1.774577e+00
71.789551 9.940034e-01 1.774995e+00
71.838379 9.940020e-01 1.775399e+00
71.887207 9.940007e-01 1.775788e+00
71.936035 9.939995e-01 1.776162e+00
71.984863 9.939982e-01 1.776522e+00
72.033691 9.939971e-01 1.776868e+00
72.082520 9.939959e-01 1.777199e+00
72.131348 9.939949e-01 1.777516e+00
72.180176 9.939939e-01 1.777819e+00
72.229004 9.939929e-01 1.778107e+00
72.277832 9.939920e-01 1.778382e+00
72.326660 9.939911e-01 1.778642e+00
72.375488 9.939902e-01 1.778889e+00
72.424316 9.939895e-01 1.779122e+00
72.473145 9.939887e-01 1.779340e+00
72.521973 9.939880e-01 1.779545e+00
72.570801 9.939874e-01 1.779736e+00
72.619629 9.939868e-01 1.779914e+00
72.668457 9.939862e-01 1.780078e+00
72.717285 9.939857e-01 1.780228e+00
72.766113 9.939853e-01 1.780365e+00
72.814941 9.939848e-01 1.780488e+00
72.863770 9.939845e-01 1.780598e+00
72.912598 9.939841e-01 1.780694e+00
72.961426 9.939839e-01 1.780778e+00
73.010254 9.939836e-01 1.780848e+00
73.059082 9.939834e-01 1.780905e+00
73.107910 9.939833e-01 1.780949e+00
73.156738 9.939832e-01 1.780980e+00
73.205566 9.939831e-01 1.780998e+00
73.254395 9.939831e-01 1.781003e+00
73.303223 9.939831e-01 1.780996e+00
73.352051 9.939832e-01 1.780975e+00
73.400879 9.939833e-01 1.780942e+00
73.449707 9.939835e-01 1.780896e+00
73.498535 9.939837e-01 1.780838e+00
73.547363 9.939839e-01 1.780768e+00
73.596191 9.939842e-01 1.780685e+00
73.645020 9.939845e-01 1.780589e+00
73.693848 9.939849e-01 1.780482e+00
73.742676 9.939853e-01 1.780362e+00
73.791504 9.939857e-01 1.780230e+00
73.840332 9.939862e-01 1.780086e+00
73.889160 9.939867e-01 1.779930e+00
73.937988 9.939873e-01 1.779762e+00
73.986816 9.939879e-01 1.779582e+00
74.035645 9.939885e-01 1.779391e+00
74.084473 9.939892e-01 1.779188e+00
74.133301 9.939900e-01 1.778973e+00
74.182129 9.939907e-01 1.778746e+00
74.230957 9.939915e-01 1.778509e+00
74.279785 9.939924e-01 1.778259e+00
74.328613 9.939932e-01 1.777999e+00
74.377441 9.939942e-01 1.777727e+00
74.426270 9.939951e-01 1.777444e+00
74.475098 9.939961e-01 1.777150e+00
74.523926 9.939971e-01 1.776844e+00
74.572754 9.939982e-01 1.776528e+00
74.621582 9.939993e-01 1.776201e+00
74.670410 9.940005e-01 1.775863e+00
74.719238 9.940016e-01 1.775515e+00
74.768066 9.940029e-01 1.775156e+00
74.816895 9.940041e-01 1.774786e+00
74.865723 9.940054e-01 1.774405e+00
74.914551 9.940067e-01 1.774014e+00
74.963379 9.940081e-01 1.773613e+00
75.012207 9.940095e-01 1.773202e+00
75.061035 9.940109e-01 1.772780e+00
75.109863 9.940123e-01 1.772348e+00
75.158691 9.940138e-01 1.771906e+00
75.207520 9.940154e-01 1.771455e+00
75.256348 9.940169e-01 1.770993e+00
75.305176 9.940185e-01 1.770521e+00
75.354004 9.940201e-01 1.770040e+00
75.402832 9.940218e-01 1.769549e+00
75.451660 9.940235e-01 1.769049e+00
75.500488 9.940252e-01 1.768538e+00
75.549316 9.940270e-01 1.768019e+00
75.598145 9.940287e-01 1.767490e+00
75.646973 9.940306e-01 1.766952e+00
75.695801 9.940324e-01 1.766405e+00
75.744629 9.940343e-01 1.765848e+00
75.793457 9.940362e-01 1.765283e+00
75.842285 9.940381e-01 1.764709e+00
75.891113 9.940401e-01 1.764125e+00
75.939941 9.940421e-01 1.763533e+00
75.988770 9.940441e-01 1.762933e+00
76.037598 9.940462e-01 1.762323e+00
76.086426 9.940483e-01 1.761705e+00
76.135254 9.940504e-01 1.761079e+00
76.184082 9.940526e-01 1.760444e+00
76.232910 9.940547e-01 1.759801e+00
76.281738 9.940569e-01 1.759150e+00
76.330566 9.940592e-01 1.758490e+00
76.379395 9.940614e-01 1.757823e+00
76.428223 9.940637e-01 1.757147e+00
76.477051 9.940660e-01 1.756464e+00
76.525879 9.940683e-01 1.755773e+00
76.574707 9.940707e-01 1.755074e+00
76.623535 9.940731e-01 1.754367e+00
76.672363 9.940755e-01 1.753653e+00
76.721191 9.940779e-01 1.752932e+00
76.770020 9.940804e-01 1.752203e+00
76.818848 9.940829e-01 1.751466e+00
76.867676 9.940854e-01 1.750723e+00
76.916504 9.940879e-01 1.749972e+00
76.965332 9.940905e-01 1.749214e+00
77.014160 9.940931e-01 1.748450e+00
77.062988 9.940957e-01 1.747678e+00
77.111816 9.940983e-01 1.746899e+00
77.160645 9.941010e-01 1.746114e+00
77.209473 9.941036e-01 1.745322e+00
77.258301 9.941063e-01 1.744524e+00
77.307129 9.941091e-01 1.743719e+00
77.355957 9.941118e-01 1.742908e+00
77.404785 9.941146e-01 1.742090e+00
77.453613 9.941173e-01 1.741266e+00
77.502441 9.941201e-01 1.740436e+00
77.551270 9.941230e-01 1.739600e+00
77.600098 9.941258e-01 1.738758e+00
77.648926 9.941287e-01 1.737910e+00
77.697754 9.941316e-01 1.737056e+00
77.746582 9.941345e-01 1.736197e+00
77.795410 9.941374e-01 1.735332e+00
77.844238 9.941403e-01 1.734461e+00
77.893066 9.941433e-01 1.733585e+00
77.941895 9.941463e-01 1.732704e+00
77.990723 9.941493e-01 1.731817e+00
78.039551 9.941523e-01 1.730925e+00
78.088379 9.941553e-01 1.730027e+00
78.137207 9.941584e-01 1.729125e+00
78.186035 9.941614e-01 1.728218e+00
78.234863 9.941645e-01 1.727306e+00
78.283691 9.941676e-01 1.726389e+00
78.332520 9.941707e-01 1.725467e+00
78.381348 9.941738e-01 1.724541e+00
78.430176 9.941770e-01 1.723610e+00
78.479004 9.941802e-01 1.722675e+00
78.527832 9.941833e-01 1.721735e+00
78.576660 9.941865e-01 1.720791e+00
78.625488 9.941897e-01 1.719843e+00
78.674316 9.941929e-01 1.718891e+00
78.723145 9.941962e-01 1.717935e+00
78.771973 9.941994e-01 1.716975e+00
78.820801 9.942027e-01 1.716011e+00
78.869629 9.942059e-01 1.715043e+00
78.918457 9.942092e-01 1.714071e+00
78.967285 9.942125e-01 1.713096e+00
79.016113 9.942158e-01 1.712117e+00
79.064941 9.942191e-01 1.711135e+00
79.113770 9.942225e-01 1.710149e+00
79.162598 9.942258e-01 1.709161e+00
79.211426 9.942292e-01 1.708169e+00
79.260254 9.942325e-01 1.707174e+00
79.309082 9.942359e-01 1.706176e+00
79.357910 9.942393e-01 1.705174e+00
79.406738 9.942427e-01 1.704171e+00
79.455566 9.942461e-01 1.703164e+00
79.504395 9.942495e-01 1.702154e+00
79.553223 9.942529e-01 1.701142e+00
79.602051 9.942563e-01 1.700128e+00
79.650879 9.942598e-01 1.699111e+00
79.699707 9.942632e-01 1.698092e+00
79.748535 9.942667e-01 1.697070e+00
79.797363 9.942701e-01 1.696047e+00
79.846191 9.942736e-01 1.695021e+00
79.895020 9.942771e-01 1.693993e+00
79.943848 9.942805e-01 1.692963e+00
79.992676 9.942840e-01 1.691931e+00
80.041504 9.942875e-01 1.690898e+00
80.090332 9.942910e-01 1.689863e+00
80.139160 9.942945e-01 1.688826e+00
80.187988 9.942980e-01 1.687788e+00
80.236816 9.943015e-01 1.686749e+00
80.285645 9.943050e-01 1.685708e+00
80.334473 9.943086e-01 1.684665e+00
80.383301 9.943121e-01 1.683622e+00
80.432129 9.943156e-01 1.682577e+00
80.480957 9.943191e-01 1.681532e+00
80.529785 9.943227e-01 1.680485e+00
80.578613 9.943262e-01 1.679438e+00
80.627441 9.943298e-01 1.678390e+00
80.676270 9.943333e-01 1.677341e+00
80.725098 9.943369e-01 1.676292e+00
80.773926 9.943404e-01 1.675242e+00
80.822754 9.943439e-01 1.674191e+00
80.871582 9.943475e-01 1.673140e+00
80.920410 9.943510e-01 1.672089e+00
80.969238 9.943546e-01 1.671038e+00
81.018066 9.943582e-01 1.669987e+00
81.066895 9.943617e-01 1.668935e+00
81.115723 9.943653e-01 1.667884e+00
81.164551 9.943688e-01 1.666833e+00
81.213379 9.943724e-01 1.665782e+00
81.262207 9.943759e-01 1.664731e+00
81.311035 9.943795e-01 1.663681e+00
81.359863 9.943830e-01 1.662631e+00
81.408691 9.943866e-01 1.661581e+00
81.457520 9.943901e-01 1.660532e+00
81.506348 9.943936e-01 1.659484e+00
81.555176 9.943972e-01 1.658437e+00
81.604004 9.944007e-01 1.657390e+00
81.652832 9.944042e-01 1.656345e+00
81.701660 9.944078e-01 1.655300e+00
81.750488 9.944113e-01 1.654256e+00
81.799316 9.944148e-01 1.653214e+00
81.848145 9.944183e-01 1.652173e+00
81.896973 9.944218e-01 1.651133e+00
81.945801 9.944254e-01 1.650094e+00
81.994629 9.944289e-01 1.649057e+00
82.043457 9.944324e-01 1.648022e+00
82.092285 9.944359e-01 1.646988e+00
82.141113 9.944393e-01 1.645956e+00
82.189941 9.944428e-01 1.644926e+00
82.238770 9.944463e-01 1.643897e+00
82.287598 9.944498e-01 1.642871e+00
82.336426 9.944532e-01 1.641846e+00
82.385254 9.944567e-01 1.640824e+00
82.434082 9.944601e-01 1.639803e+00
82.482910 9.944636e-01 1.638785e+00
82.531738 9.944670e-01 1.637770e+00
82.580566 9.944704e-01 1.636756e+00
82.629395 9.944738e-01 1.635745e+00
82.678223 9.944772e-01 1.634737e+00
82.727051 9.944806e-01 1.633731e+00
82.775879 9.944840e-01 1.632728e+00
82.824707 9.944874e-01 1.631728e+00
82.873535 9.944908e-01 1.630730e+00
82.922363 9.944941e-01 1.629736e+00
82.971191 9.944975e-01 1.628744e+00
83.020020 9.945008e-01 1.627756e+00
83.068848 9.945042e-01 1.626771e+00
83.117676 9.945075e-01 1.625788e+00
83.166504 9.945108e-01 1.624810e+00
83.215332 9.945141e-01 1.623834e+00
83.264160 9.945174e-01 1.622862e+00
83.312988 9.945206e-01 1.621893e+00
83.361816 9.945239e-01 1.620928e+00
83.410645 9.945271e-01 1.619967e+00
83.459473 9.945304e-01 1.619009e+00
83.508301 9.945336e-01 1.618056e+00
83.557129 9.945368e-01 1.617105e+00
83.605957 9.945400e-01 1.616159e+00
83.654785 9.945432e-01 1.615217e+00
83.703613 9.945464e-01 1.614279e+00
83.752441 9.945495e-01 1.613345e+00
83.801270 9.945526e-01 1.612416e+00
83.850098 9.945558e-01 1.611490e+00
83.898926 9.945589e-01 1.610569e+00
83.947754 9.945620e-01 1.609653e+00
83.996582 9.945651e-01 1.608740e+00
84.045410 9.945681e-01 1.607833e+00
84.094238 9.945712e-01 1.606930e+00
84.143066 9.945742e-01 1.606032e+00
84.191895 9.945772e-01 1.605138e+00
84.240723 9.945802e-01 1.604249e+00
84.289551 9.945832e-01 1.603365e+00
84.338379 9.945862e-01 1.602487e+00
84.387207 9.945891e-01 1.601613e+00
84.436035 9.945921e-01 1.600744e+00
84.484863 9.945950e-01 1.599880e+00
84.533691 9.945979e-01 1.599022e+00
84.582520 9.946008e-01 1.598169e+00
84.631348 9.946036e-01 1.597321e+00
84.680176 9.946065e-01 1.596479e+00
84.729004 9.946093e-01 1.595642e+00
84.777832 9.946121e-01 1.594811e+00
84.826660 9.946149e-01 1.593985e+00
84.875488 9.946177e-01 1.593165e+00
84.924316 9.946204e-01 1.592351e+00
84.973145 9.946232e-01 1.591542e+00
85.021973 9.946259e-01 1.590740e+00
85.070801 9.946286e-01 1.589943e+00
85.119629 9.946312e-01 1.589152e+00
85.168457 9.946339e-01 1.588368e+00
85.217285 9.946365e-01 1.587589e+00
85.266113 9.946391e-01 1.586817e+00
85.314941 9.946417e-01 1.586050e+00
85.363770 9.946443e-01 1.585291e+00
85.412598 9.946468e-01 1.584537e+00
85.461426 9.946494e-01 1.583790e+00
85.510254 9.946519e-01 1.583049e+00
85.559082 9.946543e-01 1.582315e+00
85.607910 9.946568e-01 1.581588e+00
85.656738 9.946592e-01 1.580867e+00
85.705566 9.946616e-01 1.580153e+00
85.754395 9.946640e-01 1.579445e+00
85.803223 9.946664e-01 1.578745e+00
85.852051 9.946687e-01 1.578051e+00
85.900879 9.946711e-01 1.577364e+00
85.949707 9.946734e-01 1.576685e+00
85.998535 9.946756e-01 1.576012e+00
86.047363 9.946779e-01 1.575346e+00
86.096191 9.946801e-01 1.574688e+00
86.145020 9.946823e-01 1.574037e+00
86.193848 9.946845e-01 1.573393e+00
86.242676 9.946866e-01 1.572756e+00
86.291504 9.946888e-01 1.572127e+00
86.340332 9.946909e-01 1.571505e+00
86.389160 9.946929e-01 1.570891e+00
86.437988 9.946950e-01 1.570284e+00
86.486816 9.946970e-01 1.569685e+00
86.535645 9.946990e-01 1.569093e+00
86.584473 9.947010e-01 1.568509e+00
86.633301 9.947029e-01 1.567933e+00
86.682129 9.947048e-01 1.567365e+00
86.730957 9.947067e-01 1.566804e+00
86.779785 9.947086e-01 1.566252e+00
86.828613 9.947104e-01 1.565707e+00
86.877441 9.947123e-01 1.565171e+00
86.926270 9.947140e-01 1.564642e+00
86.975098 9.947158e-01 1.564122e+00
87.023926 9.947175e-01 1.563609e+00
87.072754 9.947192e-01 1.563105e+00
87.121582 9.947209e-01 1.562610e+00
87.170410 9.947226e-01 1.562122e+00
87.219238 9.947242e-01 1.561643e+00
87.268066 9.947258e-01 1.561172e+00
87.316895 9.947273e-01 1.560710e+00
87.365723 9.947289e-01 1.560256e+00
87.414551 9.947304e-01 1.559810e+00
87.463379 9.947318e-01 1.559373e+00
87.512207 9.947333e-01 1.558945e+00
87.561035 9.947347e-01 1.558526e+00
87.609863 9.947361e-01 1.558115e+00
87.658691 9.947375e-01 1.557713e+00
87.707520 9.947388e-01 1.557320e+00
87.756348 9.947401e-01 1.556935e+00
87.805176 9.947414e-01 1.556560e+00
87.854004 9.947426e-01 1.556193e+00
87.902832 9.947438e-01 1.555835e+00
87.951660 9.947450e-01 1.555487e+00
88.000488 9.947461e-01 1.555147e+00
88.049316 9.947472e-01 1.554817e+00
88.098145 9.947483e-01 1.554495e+00
88.146973 9.947494e-01 1.554183e+00
88.195801 9.947504e-01 1.553880e+00
88.244629 9.947514e-01 1.553586e+00
88.293457 9.947524e-01 1.553302e+00
88.342285 9.947533e-01 1.553026e+00
88.391113 9.947542e-01 1.552761e+00
88.439941 9.947551e-01 1.552504e+00
88.488770 9.947559e-01 1.552257e+00
88.537598 9.947567e-01 1.552020e+00
88.586426 9.947575e-01 1.551792e+00
88.635254 9.947582e-01 1.551574e+00
88.684082 9.947589e-01 1.551365e+00
88.732910 9.947596e-01 1.551165e+00
88.781738 9.947602e-01 1.550976e+00
88.830566 9.947608e-01 1.550796e+00
88.879395 9.947614e-01 1.550626e+00
88.928223 9.947619e-01 1.550466e+00
88.977051 9.947624e-01 1.550315e+00
89.025879 9.947629e-01 1.550174e+00
89.074707 9.947634e-01 1.550043e+00
89.123535 9.947638e-01 1.549922e+00
89.172363 9.947642e-01 1.549811e+00
89.221191 9.947645e-01 1.549710e+00
89.270020 9.947648e-01 1.549619e+00
89.318848 9.947651e-01 1.549538e+00
89.367676 9.947653e-01 1.549467e+00
89.416504 9.947655e-01 1.549406e+00
89.465332 9.947657e-01 1.549355e+00
89.514160 9.947658e-01 1.549314e+00
89.562988 9.947659e-01 1.549283e+00
89.611816 9.947660e-01 1.549263e+00
89.660645 9.947660e-01 1.549252e+00
89.709473 9.947660e-01 1.549252e+00
89.758301 9.947660e-01 1.549263e+00
89.807129 9.947659e-01 1.549283e+00
89.855957 9.947658e-01 1.549314e+00
89.904785 9.947657e-01 1.549355e+00
89.953613 9.947655e-01 1.549407e+00
90.002441 9.947653e-01 1.549469e+00
90.051270 9.947651e-01 1.549541e+00
90.100098 9.947648e-01 1.549624e+00
90.148926 9.947645e-01 1.549717e+00
90.197754 9.947641e-01 1.549821e+00
90.246582 9.947637e-01 1.549936e+00
90.295410 9.947633e-01 1.550060e+00
90.344238 9.947629e-01 1.550196e+00
90.393066 9.947624e-01 1.550342e+00
90.441895 9.947618e-01 1.550498e+00
90.490723 9.947613e-01 1.550666e+00
90.539551 9.947607e-01 1.550843e+00
90.588379 9.947600e-01 1.551032e+00
90.637207 9.947594e-01 1.551231e+00
90.686035 9.947586e-01 1.551441e+00
90.734863 9.947579e-01 1.551662e+00
90.783691 9.947571e-01 1.551893e+00
90.832520 9.947563e-01 1.552135e+00
90.881348 9.947554e-01 1.552388e+00
90.930176 9.947546e-01 1.552651e+00
90.979004 9.947536e-01 1.552926e+00
91.027832 9.947527e-01 1.553211e+00
91.076660 9.947517e-01 1.553507e+00
91.125488 9.947506e-01 1.553814e+00
91.174316 9.947496e-01 1.554132e+00
91.223145 9.947484e-01 1.554461e+00
91.271973 9.947473e-01 1.554800e+00
91.320801 9.947461e-01 1.555151e+00
91.369629 9.947449e-01 1.555512e+00
91.418457 9.947436e-01 1.555884e+00
91.467285 9.947423e-01 1.556267e+00
91.516113 9.947410e-01 1.556662e+00
91.564941 9.947396e-01 1.557067e+00
91.613770 9.947382e-01 1.557483e+00
91.662598 9.947368e-01 1.557910e+00
91.711426 9.947353e-01 1.558348e+00
91.760254 9.947338e-01 1.558797e+00
91.809082 9.947322e-01 1.559257e+00
91.857910 9.947306e-01 1.559729e+00
91.906738 9.947290e-01 1.560211e+00
91.955566 9.947274e-01 1.560704e+00
92.004395 9.947256e-01 1.561208e+00
92.053223 9.947239e-01 1.561723e+00
92.102051 9.947221e-01 1.562250e+00
92.150879 9.947203e-01 1.562787e+00
92.199707 9.947185e-01 1.563336e+00
92.248535 9.947166e-01 1.563895e+00
92.297363 9.947146e-01 1.564466e+00
92.346191 9.947127e-01 1.565048e+00
92.395020 9.947107e-01 1.565640e+00
92.443848 9.947086e-01 1.566244e+00
92.492676 9.947066e-01 1.566859e+00
92.541504 9.947044e-01 1.567485e+00
92.590332 9.947023e-01 1.568123e+00
92.639160 9.947001e-01 1.568771e+00
92.687988 9.946979e-01 1.569430e+00
92.736816 9.946956e-01 1.570101e+00
92.785645 9.946933e-01 1.570782e+00
92.834473 9.946910e-01 1.571475e+00
92.883301 9.946886e-01 1.572179e+00
92.932129 9.946862e-01 1.572894e+00
92.980957 9.946837e-01 1.573620e+00
93.029785 9.946812e-01 1.574357e+00
93.078613 9.946787e-01 1.575105e+00
93.127441 9.946761e-01 1.575864e+00
93.176270 9.946735e-01 1.576635e+00
93.225098 9.946709e-01 1.577416e+00
93.273926 9.946682e-01 1.578209e+00
93.322754 9.946655e-01 1.579013e+00
93.371582 9.946627e-01 1.579827e+00
93.420410 9.946600e-01 1.580653e+00
93.469238 9.946571e-01 1.581490e+00
93.518066 9.946543e-01 1.582338e+00
93.566895 9.946514e-01 1.583197e+00
93.615723 9.946484e-01 1.584067e+00
93.664551 9.946454e-01 1.584948e+00
93.713379 9.946424e-01 1.585840e+00
93.762207 9.946394e-01 1.586743e+00
93.811035 9.946363e-01 1.587657e+00
93.859863 9.946332e-01 1.588583e+00
93.908691 9.946300e-01 1.589519e+00
93.957520 9.946268e-01 1.590466e+00
94.006348 9.946236e-01 1.591424e+00
94.055176 9.946203e-01 1.592393e+00
94.104004 9.946170e-01 1.593373e+00
94.152832 9.946136e-01 1.594364e+00
94.201660 9.946102e-01 1.595366e+00
94.250488 9.946068e-01 1.596379e+00
94.299316 9.946034e-01 1.597403e+00
94.348145 9.945999e-01 1.598438e+00
94.396973 9.945963e-01 1.599483e+00
94.445801 9.945928e-01 1.600540e+00
94.494629 9.945892e-01 1.601607e+00
94.543457 9.945855e-01 1.602685e+00
94.592285 9.945818e-01 1.603774e+00
94.641113 9.945781e-01 1.604874e+00
94.689941 9.945744e-01 1.605984e+00
94.738770 9.945706e-01 1.607106e+00
94.787598 9.945668e-01 1.608238e+00
94.836426 9.945629e-01 1.609381e+00
94.885254 9.945590e-01 1.610534e+00
94.934082 9.945551e-01 1.611699e+00
94.982910 9.945511e-01 1.612874e+00
95.031738 9.945471e-01 1.614059e+00
95.080566 9.945431e-01 1.615256e+00
95.129395 9.945390e-01 1.616463e+00
95.178223 9.945349e-01 1.617681e+00
95.227051 9.945307e-01 1.618909e+00
95.275879 9.945265e-01 1.620148e+00
95.324707 9.945223e-01 1.621397e+00
95.373535 9.945181e-01 1.622657e+00
95.422363 9.945138e-01 1.623927e+00
95.471191 9.945094e-01 1.625208e+00
95.520020 9.945051e-01 1.626500e+00
95.568848 9.945007e-01 1.627801e+00
95.617676 9.944962e-01 1.629114e+00
95.666504 9.944918e-01 1.630436e+00
95.715332 9.944873e-01 1.631769e+00
95.764160 9.944827e-01 1.633113e+00
95.812988 9.944782e-01 1.634467e+00
95.861816 9.944735e-01 1.635831e+00
95.910645 9.944689e-01 1.637205e+00
95.959473 9.944642e-01 1.638589e+00
96.008301 9.944595e-01 1.639984e+00
96.057129 9.944548e-01 1.641389e+00
96.105957 9.944500e-01 1.642804e+00
96.154785 9.944452e-01 1.644230e+00
96.203613 9.944403e-01 1.645665e+00
96.252441 9.944354e-01 1.647111e+00
96.301270 9.944305e-01 1.648566e+00
96.350098 9.944256e-01 1.650032e+00
96.398926 9.944206e-01 1.651508e+00
96.447754 9.944156e-01 1.652993e+00
96.496582 9.944105e-01 1.654489e+00
96.545410 9.944054e-01 1.655994e+00
96.594238 9.944003e-01 1.657509e+00
96.643066 9.943952e-01 1.659035e+00
96.691895 9.943900e-01 1.660570e+00
96.740723 9.943847e-01 1.662114e+00
96.789551 9.943795e-01 1.663669e+00
96.838379 9.943742e-01 1.665233e+00
96.887207 9.943689e-01 1.666807e+00
96.936035 9.943635e-01 1.668391e+00
96.984863 9.943582e-01 1.669984e+00
97.033691 9.943527e-01 1.671587e+00
97.082520 9.943473e-01 1.673199e+00
97.131348 9.943418e-01 1.674821e+00
97.180176 9.943363e-01 1.676452e+00
97.229004 9.943308e-01 1.678093e+00
97.277832 9.943252e-01 1.679743e+00
97.326660 9.943196e-01 1.681403e+00
97.375488 9.943139e-01 1.683072e+00
97.424316 9.943083e-01 1.684750e+00
97.473145 9.943026e-01 1.686438e+00
97.521973 9.942968e-01 1.688135e+00
97.570801 9.942911e-01 1.689841e+00
97.619629 9.942853e-01 1.691556e+00
97.668457 9.942795e-01 1.693280e+00
97.717285 9.942736e-01 1.695013e+00
97.766113 9.942677e-01 1.696756e+00
97.814941 9.942618e-01 1.698507e+00
97.863770 9.942559e-01 1.700267e+00
97.912598 9.942499e-01 1.702036e+00
97.961426 9.942439e-01 1.703814e+00
98.010254 9.942378e-01 1.705601e+00
98.059082 9.942318e-01 1.707397e+00
98.107910 9.942257e-01 1.709202e+00
98.156738 9.942195e-01 1.711015e+00
98.205566 9.942134e-01 1.712837e+00
98.254395 9.942072e-01 1.714667e+00
98.303223 9.942010e-01 1.716506e+00
98.352051 9.941948e-01 1.718354e+00
98.400879 9.941885e-01 1.720210e+00
98.449707 9.941822e-01 1.722074e+00
98.498535 9.941759e-01 1.723947e+00
98.547363 9.941695e-01 1.725829e+00
98.596191 9.941631e-01 1.727718e+00
98.645020 9.941567e-01 1.729616e+00
98.693848 9.941503e-01 1.731523e+00
98.742676 9.941438e-01 1.733437e+00
98.791504 9.941373e-01 1.735359e+00
98.840332 9.941308e-01 1.737290e+00
98.889160 9.941242e-01 1.739229e+00
98.937988 9.941177e-01 1.741175e+00
98.986816 9.941110e-01 1.743130e+00
99.035645 9.941044e-01 1.745092e+00
99.084473 9.940978e-01 1.747063e+00
99.133301 9.940911e-01 1.749041e+00
99.182129 9.940844e-01 1.751027e+00
99.230957 9.940776e-01 1.753021e+00
99.279785 9.940709e-01 1.755022e+00
99.328613 9.940641e-01 1.757031e+00
99.377441 9.940573e-01 1.759048e+00
99.426270 9.940504e-01 1.761072e+00
99.475098 9.940436e-01 1.763103e+00
99.523926 9.940367e-01 1.765142e+00
99.572754 9.940298e-01 1.767188e+00
99.621582 9.940228e-01 1.769242e+00
99.670410 9.940159e-01 1.771303e+00
99.719238 9.940089e-01 1.773371e+00
99.768066 9.940019e-01 1.775446e+00
99.816895 9.939948e-01 1.777529e+00
99.865723 9.939878e-01 1.779618e+00
99.914551 9.939807e-01 1.781715e+00
99.963379 9.939736e-01 1.783818e+00
