# # freq, hot_load_loss
5.001220699999999653e+01 9.963169216415980189e-01
5.006103499999999684e+01 9.963143076183919034e-01
5.010986299999999716e+01 9.963115123253837302e-01
5.015869099999999747e+01 9.963085826608603091e-01
5.020752000000000237e+01 9.963055601979433629e-01
5.025634800000000268e+01 9.963024817710275371e-01
5.030517600000000300e+01 9.962993794292790417e-01
5.035400400000000332e+01 9.962962809983036960e-01
5.040283199999999653e+01 9.962932103230025538e-01
5.045165999999999684e+01 9.962901875603540347e-01
5.050048799999999716e+01 9.962872294610053414e-01
5.054931599999999747e+01 9.962843496396694976e-01
5.059814500000000237e+01 9.962815587781559401e-01
5.064697300000000268e+01 9.962788651002462137e-01
5.069580100000000300e+01 9.962762742655330017e-01
5.074462900000000332e+01 9.962737898261287972e-01
5.079345699999999653e+01 9.962714133837481389e-01
5.084228499999999684e+01 9.962691447941410816e-01
5.089111299999999716e+01 9.962669823609466846e-01
5.093994099999999747e+01 9.962649230191227279e-01
5.098877000000000237e+01 9.962629624689557373e-01
5.103759800000000268e+01 9.962610954977551003e-01
5.108642600000000300e+01 9.962593158924027970e-01
5.113525400000000332e+01 9.962576167455510223e-01
5.118408199999999653e+01 9.962559905487613499e-01
5.123290999999999684e+01 9.962544293176432975e-01
5.128173799999999716e+01 9.962529247080889050e-01
5.133056599999999747e+01 9.962514681238701097e-01
5.137939500000000237e+01 9.962500507871694388e-01
5.142822300000000268e+01 9.962486639449502634e-01
5.147705100000000300e+01 9.962472987783517198e-01
5.152587900000000332e+01 9.962459465951002402e-01
5.157470699999999653e+01 9.962445988685646459e-01
5.162353499999999684e+01 9.962432472992105437e-01
5.167236299999999716e+01 9.962418838693759549e-01
5.172119099999999747e+01 9.962405008916264126e-01
5.177002000000000237e+01 9.962390910217980844e-01
5.181884800000000268e+01 9.962376474114420510e-01
5.186767600000000300e+01 9.962361635656663550e-01
5.191650400000000332e+01 9.962346334835351369e-01
5.196533199999999653e+01 9.962330516501484157e-01
5.201415999999999684e+01 9.962314130526170874e-01
5.206298799999999716e+01 9.962297131916327819e-01
5.211181599999999747e+01 9.962279480889105754e-01
5.216064500000000237e+01 9.962261142524955204e-01
5.220947300000000268e+01 9.962242088283943531e-01
5.225830100000000300e+01 9.962222293719991129e-01
5.230712900000000332e+01 9.962201739904409381e-01
5.235595699999999653e+01 9.962180412965337961e-01
5.240478499999999684e+01 9.962158303969979034e-01
5.245361299999999716e+01 9.962135408783447943e-01
5.250244099999999747e+01 9.962111727906594050e-01
5.255127000000000237e+01 9.962087265786241375e-01
5.260009800000000268e+01 9.962062032637627462e-01
5.264892600000000300e+01 9.962036041226265404e-01
5.269775400000000332e+01 9.962009308631599724e-01
5.274658199999999653e+01 9.961981855518990958e-01
5.279540999999999684e+01 9.961953705896042788e-01
5.284423799999999716e+01 9.961924886862093542e-01
5.289306599999999747e+01 9.961895428352458559e-01
5.294189500000000237e+01 9.961865362257349421e-01
5.299072300000000268e+01 9.961834724636114968e-01
5.303955100000000300e+01 9.961803551759642605e-01
5.308837900000000332e+01 9.961771882300500813e-01
5.313720699999999653e+01 9.961739756464031981e-01
5.318603499999999684e+01 9.961707215732337195e-01
5.323486299999999716e+01 9.961674302612554266e-01
5.328369099999999747e+01 9.961641060390492575e-01
5.333252000000000237e+01 9.961607532201223192e-01
5.338134800000000268e+01 9.961573763548717819e-01
5.343017600000000300e+01 9.961539797959523268e-01
5.347900400000000332e+01 9.961505679508159128e-01
5.352783199999999653e+01 9.961471451926029452e-01
5.357665999999999684e+01 9.961437158404030656e-01
5.362548799999999716e+01 9.961402841405445630e-01
5.367431599999999747e+01 9.961368542489541511e-01
5.372314500000000237e+01 9.961334301445813333e-01
5.377197300000000268e+01 9.961300158943789951e-01
5.382080100000000300e+01 9.961266152181827982e-01
5.386962900000000332e+01 9.961232317563396554e-01
5.391845699999999653e+01 9.961198689875955248e-01
5.396728499999999684e+01 9.961165302183726533e-01
5.401611299999999716e+01 9.961132185732152200e-01
5.406494099999999747e+01 9.961099369864184760e-01
5.411377000000000237e+01 9.961066881286294583e-01
5.416259800000000268e+01 9.961034746662580375e-01
5.421142600000000300e+01 9.961002988572414951e-01
5.426025400000000332e+01 9.960971628140856682e-01
5.430908199999999653e+01 9.960940684342186602e-01
5.435790999999999684e+01 9.960910173982715499e-01
5.440673799999999716e+01 9.960880111693687367e-01
5.445556599999999747e+01 9.960850509933898422e-01
5.450439500000000237e+01 9.960821378409983051e-01
5.455322300000000268e+01 9.960792726474090308e-01
5.460205100000000300e+01 9.960764559573384025e-01
5.465087900000000332e+01 9.960736881683800448e-01
5.469970699999999653e+01 9.960709694753580035e-01
5.474853499999999684e+01 9.960682998755411299e-01
5.479736299999999716e+01 9.960656791745112759e-01
5.484619099999999747e+01 9.960631069926497716e-01
5.489502000000000237e+01 9.960605827209672025e-01
5.494384800000000268e+01 9.960581057344581879e-01
5.499267600000000300e+01 9.960556750899578482e-01
5.504150400000000332e+01 9.960532897423188814e-01
5.509033199999999653e+01 9.960509485010055064e-01
5.513915999999999684e+01 9.960486500391857456e-01
5.518798799999999716e+01 9.960463929030838326e-01
5.523681599999999747e+01 9.960441755215427850e-01
5.528564500000000237e+01 9.960419961715007986e-01
5.533447300000000268e+01 9.960398531655758614e-01
5.538330100000000300e+01 9.960377445942552033e-01
5.543212900000000332e+01 9.960356685151116052e-01
5.548095699999999653e+01 9.960336229177279010e-01
5.552978499999999684e+01 9.960316057335883988e-01
5.557861299999999716e+01 9.960296148458807064e-01
5.562744099999999747e+01 9.960276480991611114e-01
5.567627000000000237e+01 9.960257032692538814e-01
5.572509800000000268e+01 9.960237782314216304e-01
5.577392600000000300e+01 9.960218707305515951e-01
5.582275400000000332e+01 9.960199785497002578e-01
5.587158199999999653e+01 9.960180994786063113e-01
5.592040999999999684e+01 9.960162313219328434e-01
5.596923799999999716e+01 9.960143719071882229e-01
5.601806599999999747e+01 9.960125190922918259e-01
5.606689500000000237e+01 9.960106707349537514e-01
5.611572300000000268e+01 9.960088248508068842e-01
5.616455100000000300e+01 9.960069793927655013e-01
5.621337900000000332e+01 9.960051324084892022e-01
5.626220699999999653e+01 9.960032820080735316e-01
5.631103499999999684e+01 9.960014263692124059e-01
5.635986299999999716e+01 9.959995637419197800e-01
5.640869099999999747e+01 9.959976924528113340e-01
5.645752000000000237e+01 9.959958108703065305e-01
5.650634800000000268e+01 9.959939175623687690e-01
5.655517600000000300e+01 9.959920110683174732e-01
5.660400400000000332e+01 9.959900900552415282e-01
5.665283199999999653e+01 9.959881532816773353e-01
5.670165999999999684e+01 9.959861995992821404e-01
5.675048799999999716e+01 9.959842279540903620e-01
5.679931599999999747e+01 9.959822373873638002e-01
5.684814500000000237e+01 9.959802269946651521e-01
5.689697300000000268e+01 9.959781960910207843e-01
5.694580100000000300e+01 9.959761439636061198e-01
5.699462900000000332e+01 9.959740700353514331e-01
5.704345699999999653e+01 9.959719738229710906e-01
5.709228499999999684e+01 9.959698549356352792e-01
5.714111299999999716e+01 9.959677130733313177e-01
5.718994099999999747e+01 9.959655480249313131e-01
5.723877000000000237e+01 9.959633596209295225e-01
5.728759800000000268e+01 9.959611479107327581e-01
5.733642600000000300e+01 9.959589128910532052e-01
5.738525400000000332e+01 9.959566546817852917e-01
5.743408199999999653e+01 9.959543734783127267e-01
5.748290999999999684e+01 9.959520695482126929e-01
5.753173799999999716e+01 9.959497432278087148e-01
5.758056599999999747e+01 9.959473949185754238e-01
5.762939500000000237e+01 9.959450250346768563e-01
5.767822300000000268e+01 9.959426341937360760e-01
5.772705100000000300e+01 9.959402229217236835e-01
5.777587900000000332e+01 9.959377918427085863e-01
5.782470699999999653e+01 9.959353416265451786e-01
5.787353499999999684e+01 9.959328729848513362e-01
5.792236299999999716e+01 9.959303866669758643e-01
5.797119099999999747e+01 9.959278834559773808e-01
5.802002000000000237e+01 9.959253641128726908e-01
5.806884800000000268e+01 9.959228295793943753e-01
5.811767600000000300e+01 9.959202806644972261e-01
5.816650400000000332e+01 9.959177182465962508e-01
5.821533199999999653e+01 9.959151432183938057e-01
5.826415999999999684e+01 9.959125564832302935e-01
5.831298799999999716e+01 9.959099589515463258e-01
5.836181599999999747e+01 9.959073515374640140e-01
5.841064500000000237e+01 9.959047351018307515e-01
5.845947300000000268e+01 9.959021106635909115e-01
5.850830100000000300e+01 9.958994790752563331e-01
5.855712900000000332e+01 9.958968412342323884e-01
5.860595699999999653e+01 9.958941980266406979e-01
5.865478499999999684e+01 9.958915503248055856e-01
5.870361299999999716e+01 9.958888989849080664e-01
5.875244099999999747e+01 9.958862448448198013e-01
5.880127000000000237e+01 9.958835886677056548e-01
5.885009800000000268e+01 9.958809313578464995e-01
5.889892600000000300e+01 9.958782736326102780e-01
5.894775400000000332e+01 9.958756162385787869e-01
5.899658199999999653e+01 9.958729598959100704e-01
5.904540999999999684e+01 9.958703052972607273e-01
5.909423799999999716e+01 9.958676531068900717e-01
5.914306599999999747e+01 9.958650039599398207e-01
5.919189500000000237e+01 9.958623584077463953e-01
5.924072300000000268e+01 9.958597171341128096e-01
5.928955100000000300e+01 9.958570806299932299e-01
5.933837900000000332e+01 9.958544494102483657e-01
5.938720699999999653e+01 9.958518239595274268e-01
5.943603499999999684e+01 9.958492047325059326e-01
5.948486299999999716e+01 9.958465921542806187e-01
5.953369099999999747e+01 9.958439866208783631e-01
5.958252000000000237e+01 9.958413884467679500e-01
5.963134800000000268e+01 9.958387980783111049e-01
5.968017600000000300e+01 9.958362157753563038e-01
5.972900400000000332e+01 9.958336418252080602e-01
5.977783199999999653e+01 9.958310764903944845e-01
5.982665999999999684e+01 9.958285200098098144e-01
5.987548799999999716e+01 9.958259725999244472e-01
5.992431599999999747e+01 9.958234344560609186e-01
5.997314500000000237e+01 9.958209057020332988e-01
6.002197300000000268e+01 9.958183865984837624e-01
6.007080100000000300e+01 9.958158772335522491e-01
6.011962900000000332e+01 9.958133777316701130e-01
6.016845699999999653e+01 9.958108882031228015e-01
6.021728499999999684e+01 9.958084087455170152e-01
6.026611299999999716e+01 9.958059394452359880e-01
6.031494099999999747e+01 9.958034803788993194e-01
6.036377000000000237e+01 9.958010315647477517e-01
6.041259800000000268e+01 9.957985931644491862e-01
6.046142600000000300e+01 9.957961651835681716e-01
6.051025400000000332e+01 9.957937476737195315e-01
6.055908199999999653e+01 9.957913406836019776e-01
6.060790999999999684e+01 9.957889442602354535e-01
6.065673799999999716e+01 9.957865584501370826e-01
6.070556599999999747e+01 9.957841833004297261e-01
6.075439500000000237e+01 9.957818188115736824e-01
6.080322300000000268e+01 9.957794651318014889e-01
6.085205100000000300e+01 9.957771222674610678e-01
6.090087900000000332e+01 9.957747902777289717e-01
6.094970699999999653e+01 9.957724692267895250e-01
6.099853499999999684e+01 9.957701591844574374e-01
6.104736299999999716e+01 9.957678602267059365e-01
6.109619099999999747e+01 9.957655724361013094e-01
6.114502000000000237e+01 9.957632958556327241e-01
6.119384800000000268e+01 9.957610306752169294e-01
6.124267600000000300e+01 9.957587769520969134e-01
6.129150400000000332e+01 9.957565347976148340e-01
6.134033199999999653e+01 9.957543043304227792e-01
6.138915999999999684e+01 9.957520856763313333e-01
6.143798799999999716e+01 9.957498789680730988e-01
6.148681599999999747e+01 9.957476843449628578e-01
6.153564500000000237e+01 9.957455019079068936e-01
6.158447300000000268e+01 9.957433318974232561e-01
6.163330100000000300e+01 9.957411744248623187e-01
6.168212900000000332e+01 9.957390296507713234e-01
6.173095699999999653e+01 9.957368977393151743e-01
6.177978499999999684e+01 9.957347788574514302e-01
6.182861299999999716e+01 9.957326731740292480e-01
6.187744099999999747e+01 9.957305808588392537e-01
6.192627000000000237e+01 9.957285020391525299e-01
6.197509800000000268e+01 9.957264369686769090e-01
6.202392600000000300e+01 9.957243857709859869e-01
6.207275400000000332e+01 9.957223486089382680e-01
6.212158199999999653e+01 9.957203256407678449e-01
6.217040999999999684e+01 9.957183170188601551e-01
6.221923799999999716e+01 9.957163228885004269e-01
6.226806599999999747e+01 9.957143433866124660e-01
6.231689500000000237e+01 9.957123786003867494e-01
6.236572300000000268e+01 9.957104287266549392e-01
6.241455100000000300e+01 9.957084938291745901e-01
6.246337900000000332e+01 9.957065739986098452e-01
6.251220699999999653e+01 9.957046693108853042e-01
6.256103499999999684e+01 9.957027798259454610e-01
6.260986299999999716e+01 9.957009055865401193e-01
6.265869099999999747e+01 9.956990466170405618e-01
6.270752000000000237e+01 9.956972028846962086e-01
6.275634800000000268e+01 9.956953744492543779e-01
6.280517600000000300e+01 9.956935612353566833e-01
6.285400400000000332e+01 9.956917631828843263e-01
6.290283199999999653e+01 9.956899802081093931e-01
6.295165999999999684e+01 9.956882122028160031e-01
6.300048799999999716e+01 9.956864590334931764e-01
6.304931599999999747e+01 9.956847205406003098e-01
6.309814500000000237e+01 9.956829965027462759e-01
6.314697300000000268e+01 9.956812867770452602e-01
6.319580100000000300e+01 9.956795910867772825e-01
6.324462900000000332e+01 9.956779091625045375e-01
6.329345699999999653e+01 9.956762407062921261e-01
6.334228499999999684e+01 9.956745853914772404e-01
6.339111299999999716e+01 9.956729428625344935e-01
6.343994099999999747e+01 9.956713127350252934e-01
6.348877000000000237e+01 9.956696945626366535e-01
6.353759800000000268e+01 9.956680879696344633e-01
6.358642600000000300e+01 9.956664924522882210e-01
6.363525400000000332e+01 9.956649075120029835e-01
6.368408199999999653e+01 9.956633326224983982e-01
6.373290999999999684e+01 9.956617672303396116e-01
6.378173799999999716e+01 9.956602107555700965e-01
6.383056599999999747e+01 9.956586625924288558e-01
6.387939500000000237e+01 9.956571220786923915e-01
6.392822300000000268e+01 9.956555886226134966e-01
6.397705100000000300e+01 9.956540615146399764e-01
6.402587900000000332e+01 9.956525400548271731e-01
6.407470700000000363e+01 9.956510235223704486e-01
6.412353500000000395e+01 9.956495111768440820e-01
6.417236300000000426e+01 9.956480022595100010e-01
6.422119100000000458e+01 9.956464959947047833e-01
6.427002000000000237e+01 9.956449915604886902e-01
6.431884800000000268e+01 9.956434882133645692e-01
6.436767600000000300e+01 9.956419851050117842e-01
6.441650400000000332e+01 9.956404814071698750e-01
6.446533200000000363e+01 9.956389762824924272e-01
6.451416000000000395e+01 9.956374688862638100e-01
6.456298800000000426e+01 9.956359583681592129e-01
6.461181600000000458e+01 9.956344438740366565e-01
6.466064500000000237e+01 9.956329245165886910e-01
6.470947300000000268e+01 9.956313995017413987e-01
6.475830100000000300e+01 9.956298679438535526e-01
6.480712900000000332e+01 9.956283289919283241e-01
6.485595700000000363e+01 9.956267818004327363e-01
6.490478500000000395e+01 9.956252255311757171e-01
6.495361300000000426e+01 9.956236593551839320e-01
6.500244100000000458e+01 9.956220824545671810e-01
6.505127000000000237e+01 9.956204939917111529e-01
6.510009800000000268e+01 9.956188932414650195e-01
6.514892600000000300e+01 9.956172793977760005e-01
6.519775400000000332e+01 9.956156517053276200e-01
6.524658200000000363e+01 9.956140094288609133e-01
6.529541000000000395e+01 9.956123518548625206e-01
6.534423800000000426e+01 9.956106782932059307e-01
6.539306600000000458e+01 9.956089880787384327e-01
6.544189500000000237e+01 9.956072805376666723e-01
6.549072300000000268e+01 9.956055551292548600e-01
6.553955100000000300e+01 9.956038112374365756e-01
6.558837900000000332e+01 9.956020483116601039e-01
6.563720700000000363e+01 9.956002658333629185e-01
6.568603500000000395e+01 9.955984633171613973e-01
6.573486300000000426e+01 9.955966403119619335e-01
6.578369100000000458e+01 9.955947964019868923e-01
6.583252000000000237e+01 9.955929311692993666e-01
6.588134800000000268e+01 9.955910443478879213e-01
6.593017600000000300e+01 9.955891355952510846e-01
6.597900400000000332e+01 9.955872046454227187e-01
6.602783200000000363e+01 9.955852512715718250e-01
6.607666000000000395e+01 9.955832752864914870e-01
6.612548800000000426e+01 9.955812765429900013e-01
6.617431600000000458e+01 9.955792549341863085e-01
6.622314500000000237e+01 9.955772103516010718e-01
6.627197300000000268e+01 9.955751428532196856e-01
6.632080100000000300e+01 9.955730524122621272e-01
6.636962900000000332e+01 9.955709390841143147e-01
6.641845700000000363e+01 9.955688029645015646e-01
6.646728500000000395e+01 9.955666441892084828e-01
6.651611300000000426e+01 9.955644629337031537e-01
6.656494100000000458e+01 9.955622594126734004e-01
6.661377000000000237e+01 9.955600338336648703e-01
6.666259800000000268e+01 9.955577865792061276e-01
6.671142600000000300e+01 9.955555179325917825e-01
6.676025400000000332e+01 9.955532282589412141e-01
6.680908200000000363e+01 9.955509179589456803e-01
6.685791000000000395e+01 9.955485874678940972e-01
6.690673800000000426e+01 9.955462372546231009e-01
6.695556600000000458e+01 9.955438678203957226e-01
6.700439500000000237e+01 9.955414796486109497e-01
6.705322300000000268e+01 9.955390733995715946e-01
6.710205100000000300e+01 9.955366496156914380e-01
6.715087900000000332e+01 9.955342089153906837e-01
6.719970700000000363e+01 9.955317519429415229e-01
6.724853500000000395e+01 9.955292793669938689e-01
6.729736300000000426e+01 9.955267918790459136e-01
6.734619100000000458e+01 9.955242901918813780e-01
6.739502000000000237e+01 9.955217749863207732e-01
6.744384800000000268e+01 9.955192471159062251e-01
6.749267600000000300e+01 9.955167072961480512e-01
6.754150400000000332e+01 9.955141563086242762e-01
6.759033200000000363e+01 9.955115949478923199e-01
6.763916000000000395e+01 9.955090240197675966e-01
6.768798800000000426e+01 9.955064443395865714e-01
6.773681600000000458e+01 9.955038567304662633e-01
6.778564500000000237e+01 9.955012619683550890e-01
6.783447300000000268e+01 9.954986609929946662e-01
6.788330100000000300e+01 9.954960545873243749e-01
6.793212900000000332e+01 9.954934435881859223e-01
6.798095700000000363e+01 9.954908288315461595e-01
6.802978500000000395e+01 9.954882111507998843e-01
6.807861300000000426e+01 9.954855913751080587e-01
6.812744100000000458e+01 9.954829703277416897e-01
6.817627000000000237e+01 9.954803487707911680e-01
6.822509800000000268e+01 9.954777276183431889e-01
6.827392600000000300e+01 9.954751076127812404e-01
6.832275400000000332e+01 9.954724895380475669e-01
6.837158200000000363e+01 9.954698741644867344e-01
6.842041000000000395e+01 9.954672622474345367e-01
6.846923800000000426e+01 9.954646545258429846e-01
6.851806600000000458e+01 9.954620517209675779e-01
6.856689500000000237e+01 9.954594544819662660e-01
6.861572300000000268e+01 9.954568635973460866e-01
6.866455100000000300e+01 9.954542796746373989e-01
6.871337900000000332e+01 9.954517033522028990e-01
6.876220700000000363e+01 9.954491352449461594e-01
6.881103500000000395e+01 9.954465759433458460e-01
6.885986300000000426e+01 9.954440260125477780e-01
6.890869100000000458e+01 9.954414859915219349e-01
6.895752000000000237e+01 9.954389563405877661e-01
6.900634800000000268e+01 9.954364376477211618e-01
6.905517600000000300e+01 9.954339303170537390e-01
6.910400400000000332e+01 9.954314347757503567e-01
6.915283200000000363e+01 9.954289514215857171e-01
6.920166000000000395e+01 9.954264806225004980e-01
6.925048800000000426e+01 9.954240227162306498e-01
6.929931600000000458e+01 9.954215780100021949e-01
6.934814500000000237e+01 9.954191467306354735e-01
6.939697300000000268e+01 9.954167292232671826e-01
6.944580100000000300e+01 9.954143256524841110e-01
6.949462900000000332e+01 9.954119362017248562e-01
6.954345700000000363e+01 9.954095610233758551e-01
6.959228500000000395e+01 9.954072002388495433e-01
6.964111300000000426e+01 9.954048539387302386e-01
6.968994100000000458e+01 9.954025221829786441e-01
6.973877000000000237e+01 9.954002049538838159e-01
6.978759800000000268e+01 9.953979023459119668e-01
6.983642600000000300e+01 9.953956142813406016e-01
6.988525400000000332e+01 9.953933407008122014e-01
6.993408200000000363e+01 9.953910815162038128e-01
6.998291000000000395e+01 9.953888366111599550e-01
7.003173800000000426e+01 9.953866058416642737e-01
7.008056600000000458e+01 9.953843890366671499e-01
7.012939500000000237e+01 9.953821859537658190e-01
7.017822300000000268e+01 9.953799964601072192e-01
7.022705100000000300e+01 9.953778202624257165e-01
7.027587900000000332e+01 9.953756570885805566e-01
7.032470700000000363e+01 9.953735066431144141e-01
7.037353500000000395e+01 9.953713686081028245e-01
7.042236300000000426e+01 9.953692426440373664e-01
7.047119100000000458e+01 9.953671283907334910e-01
7.052002000000000237e+01 9.953650254253126883e-01
7.056884800000000268e+01 9.953629334351977720e-01
7.061767600000000300e+01 9.953608519607014538e-01
7.066650400000000332e+01 9.953587805685182310e-01
7.071533200000000363e+01 9.953567188095600038e-01
7.076416000000000395e+01 9.953546662199873607e-01
7.081298800000000426e+01 9.953526223222590730e-01
7.086181600000000458e+01 9.953505866261814772e-01
7.091064500000000237e+01 9.953485585885223363e-01
7.095947300000000268e+01 9.953465377800509994e-01
7.100830100000000300e+01 9.953445236374350857e-01
7.105712900000000332e+01 9.953425156305966137e-01
7.110595700000000363e+01 9.953405132221831986e-01
7.115478500000000395e+01 9.953385158686482992e-01
7.120361300000000426e+01 9.953365230213301329e-01
7.125244100000000458e+01 9.953345341275217084e-01
7.130127000000000237e+01 9.953325485909121362e-01
7.135009800000000268e+01 9.953305659352246204e-01
7.139892600000000300e+01 9.953285855613063227e-01
7.144775400000000332e+01 9.953266069108812619e-01
7.149658200000000363e+01 9.953246294268822680e-01
7.154541000000000395e+01 9.953226525544686121e-01
7.159423800000000426e+01 9.953206757420274275e-01
7.164306600000000458e+01 9.953186984421592554e-01
7.169189500000000237e+01 9.953167200721225738e-01
7.174072300000000268e+01 9.953147401768644986e-01
7.178955100000000300e+01 9.953127581868753682e-01
7.183837900000000332e+01 9.953107735811302925e-01
7.188720700000000363e+01 9.953087858474826133e-01
7.193603500000000395e+01 9.953067944835265468e-01
7.198486300000000426e+01 9.953047989974499465e-01
7.203369100000000458e+01 9.953027989088540917e-01
7.208252000000000237e+01 9.953007937084319412e-01
7.213134800000000268e+01 9.952987830231099231e-01
7.218017600000000300e+01 9.952967663704103130e-01
7.222900400000000332e+01 9.952947433233210184e-01
7.227783200000000363e+01 9.952927134699813827e-01
7.232666000000000395e+01 9.952906764143407692e-01
7.237548800000000426e+01 9.952886317767982716e-01
7.242431600000000458e+01 9.952865791948087848e-01
7.247314500000000237e+01 9.952845182811693725e-01
7.252197300000000268e+01 9.952824487935606479e-01
7.257080100000000300e+01 9.952803703818304815e-01
7.261962900000000332e+01 9.952782827571325930e-01
7.266845700000000363e+01 9.952761856502594373e-01
7.271728500000000395e+01 9.952740788120598703e-01
7.276611300000000426e+01 9.952719620138334999e-01
7.281494100000000458e+01 9.952698350476807398e-01
7.286377000000000237e+01 9.952676976829533118e-01
7.291259800000000268e+01 9.952655498418385704e-01
7.296142600000000300e+01 9.952633913369899332e-01
7.301025400000000332e+01 9.952612220466171555e-01
7.305908200000000363e+01 9.952590418710108855e-01
7.310791000000000395e+01 9.952568507326911007e-01
7.315673800000000426e+01 9.952546485765255690e-01
7.320556600000000458e+01 9.952524353698071202e-01
7.325439500000000237e+01 9.952502110566371352e-01
7.330322300000000268e+01 9.952479757403712712e-01
7.335205100000000300e+01 9.952457294102726726e-01
7.340087900000000332e+01 9.952434721234373338e-01
7.344970700000000363e+01 9.952412039592500870e-01
7.349853500000000395e+01 9.952389250192544834e-01
7.354736300000000426e+01 9.952366354269754911e-01
7.359619100000000458e+01 9.952343353277097737e-01
7.364502000000000237e+01 9.952320248408607073e-01
7.369384800000000268e+01 9.952297042491337065e-01
7.374267600000000300e+01 9.952273737143100263e-01
7.379150400000000332e+01 9.952250334659475950e-01
7.384033200000000363e+01 9.952226837537792026e-01
7.388916000000000395e+01 9.952203248472839547e-01
7.393798800000000426e+01 9.952179570352166493e-01
7.398681600000000458e+01 9.952155806251146153e-01
7.403564500000000237e+01 9.952131958938312817e-01
7.408447300000000268e+01 9.952108032824923400e-01
7.413330100000000300e+01 9.952084031028505251e-01
7.418212900000000332e+01 9.952059957318313277e-01
7.423095700000000363e+01 9.952035815621040893e-01
7.427978500000000395e+01 9.952011610013773435e-01
7.432861300000000426e+01 9.951987344716555217e-01
7.437744100000000458e+01 9.951963024084653497e-01
7.442627000000000237e+01 9.951938652100923433e-01
7.447509800000000268e+01 9.951914234365067946e-01
7.452392600000000300e+01 9.951889775090041468e-01
7.457275400000000332e+01 9.951865279088808469e-01
7.462158200000000363e+01 9.951840751266493035e-01
7.467041000000000395e+01 9.951816196610948628e-01
7.471923800000000426e+01 9.951791620183122467e-01
7.476806600000000458e+01 9.951767027107145669e-01
7.481689500000000237e+01 9.951742422056204518e-01
7.486572300000000268e+01 9.951717811258117274e-01
7.491455100000000300e+01 9.951693199461251194e-01
7.496337900000000332e+01 9.951668591939365482e-01
7.501220700000000363e+01 9.951643993976946323e-01
7.506103500000000395e+01 9.951619410858327797e-01
7.510986300000000426e+01 9.951594847856595205e-01
7.515869100000000458e+01 9.951570310222414006e-01
7.520752000000000237e+01 9.951545802671294405e-01
7.525634800000000268e+01 9.951521331379326041e-01
7.530517600000000300e+01 9.951496900960243863e-01
7.535400400000000332e+01 9.951472516462559481e-01
7.540283200000000363e+01 9.951448182855995306e-01
7.545166000000000395e+01 9.951423905020246874e-01
7.550048800000000426e+01 9.951399687733820665e-01
7.554931600000000458e+01 9.951375535662926319e-01
7.559814500000000237e+01 9.951351452858054891e-01
7.564697300000000268e+01 9.951327444714561654e-01
7.569580100000000300e+01 9.951303515002621891e-01
7.574462900000000332e+01 9.951279667831114395e-01
7.579345700000000363e+01 9.951255907143434776e-01
7.584228500000000395e+01 9.951232236707503453e-01
7.589111300000000426e+01 9.951208660106013459e-01
7.593994100000000458e+01 9.951185180726973556e-01
7.598877000000000237e+01 9.951161801276883212e-01
7.603759800000000268e+01 9.951138525685070402e-01
7.608642600000000300e+01 9.951115356222419717e-01
7.613525400000000332e+01 9.951092295410727262e-01
7.618408200000000363e+01 9.951069345535231703e-01
7.623291000000000395e+01 9.951046508637563237e-01
7.628173800000000426e+01 9.951023786509024527e-01
7.633056600000000458e+01 9.951001180684477809e-01
7.637939500000000237e+01 9.950978691977313551e-01
7.642822300000000268e+01 9.950956322314178371e-01
7.647705100000000300e+01 9.950934071967081351e-01
7.652587900000000332e+01 9.950911941394040561e-01
7.657470700000000363e+01 9.950889930773956227e-01
7.662353500000000395e+01 9.950868040003839621e-01
7.667236300000000426e+01 9.950846268696694752e-01
7.672119100000000458e+01 9.950824616179990700e-01
7.677002000000000237e+01 9.950803081055008548e-01
7.681884800000000268e+01 9.950781662958360085e-01
7.686767600000000300e+01 9.950760359916350772e-01
7.691650400000000332e+01 9.950739170112655740e-01
7.696533200000000363e+01 9.950718091447997571e-01
7.701416000000000395e+01 9.950697121542694257e-01
7.706298800000000426e+01 9.950676257739967667e-01
7.711181600000000458e+01 9.950655497109892611e-01
7.716064500000000237e+01 9.950634836031980734e-01
7.720947300000000268e+01 9.950614271891021767e-01
7.725830100000000300e+01 9.950593800544457190e-01
7.730712900000000332e+01 9.950573418023704875e-01
7.735595700000000363e+01 9.950553120117398009e-01
7.740478500000000395e+01 9.950532902379606304e-01
7.745361300000000426e+01 9.950512760138561230e-01
7.750244100000000458e+01 9.950492688506118455e-01
7.755127000000000237e+01 9.950472681978778100e-01
7.760009800000000268e+01 9.950452736085882988e-01
7.764892600000000300e+01 9.950432844942732613e-01
7.769775400000000332e+01 9.950413002902582793e-01
7.774658200000000363e+01 9.950393204158681781e-01
7.779541000000000395e+01 9.950373442757208808e-01
7.784423800000000426e+01 9.950353712610741086e-01
7.789306600000000458e+01 9.950334007512178225e-01
7.794189500000000237e+01 9.950314320746056485e-01
7.799072300000000268e+01 9.950294646715668323e-01
7.803955100000000300e+01 9.950274978539321857e-01
7.808837900000000332e+01 9.950255309678783799e-01
7.813720700000000363e+01 9.950235633551741676e-01
7.818603500000000395e+01 9.950215943547882080e-01
7.823486300000000426e+01 9.950196233045174310e-01
7.828369100000000458e+01 9.950176495426394929e-01
7.833252000000000237e+01 9.950156723690420923e-01
7.838134800000000268e+01 9.950136912089336816e-01
7.843017600000000300e+01 9.950117053715952231e-01
7.847900400000000332e+01 9.950097142139441297e-01
7.852783200000000363e+01 9.950077171017582822e-01
7.857666000000000395e+01 9.950057134113517998e-01
7.862548800000000426e+01 9.950037025312383765e-01
7.867431600000000458e+01 9.950016838637723016e-01
7.872314500000000237e+01 9.949996567851748797e-01
7.877197300000000268e+01 9.949976208133598510e-01
7.882080100000000300e+01 9.949955753604334818e-01
7.886962900000000332e+01 9.949935199001069819e-01
7.891845700000000363e+01 9.949914539277647796e-01
7.896728500000000395e+01 9.949893769619173600e-01
7.901611300000000426e+01 9.949872885456111371e-01
7.906494100000000458e+01 9.949851882477825926e-01
7.911377000000000237e+01 9.949830756211622829e-01
7.916259800000000268e+01 9.949809503768261010e-01
7.921142600000000300e+01 9.949788121257903128e-01
7.926025400000000332e+01 9.949766605529187791e-01
7.930908200000000363e+01 9.949744953748175247e-01
7.935791000000000395e+01 9.949723163407988569e-01
7.940673800000000426e+01 9.949701232337592183e-01
7.945556600000000458e+01 9.949679158709834326e-01
7.950439500000000237e+01 9.949656940592046528e-01
7.955322300000000268e+01 9.949634577775393618e-01
7.960205100000000300e+01 9.949612069050146612e-01
7.965087900000000332e+01 9.949589414027254497e-01
7.969970700000000363e+01 9.949566612688320877e-01
7.974853500000000395e+01 9.949543665388140834e-01
7.979736300000000426e+01 9.949520572856264122e-01
7.984619100000000458e+01 9.949497336197637987e-01
7.989502000000000237e+01 9.949473956411839515e-01
7.994384800000000268e+01 9.949450436309903445e-01
7.999267600000000300e+01 9.949426777638926689e-01
8.004150400000000332e+01 9.949402982990935840e-01
8.009033200000000363e+01 9.949379055321109222e-01
8.013916000000000395e+01 9.949354997942263523e-01
8.018798800000000426e+01 9.949330814518332344e-01
8.023681600000000458e+01 9.949306509056907721e-01
8.028564500000000237e+01 9.949282085399382414e-01
8.033447300000000268e+01 9.949257549214656215e-01
8.038330100000000300e+01 9.949232904987519444e-01
8.043212900000000332e+01 9.949208158005719005e-01
8.048095700000000363e+01 9.949183313848711796e-01
8.052978500000000395e+01 9.949158378374595157e-01
8.057861300000000426e+01 9.949133357706073655e-01
8.062744100000000458e+01 9.949108258215714207e-01
8.067627000000000237e+01 9.949083085994115949e-01
8.072509800000000268e+01 9.949057848897197021e-01
8.077392600000000300e+01 9.949032553435812609e-01
8.082275400000000332e+01 9.949007206818835103e-01
8.087158200000000363e+01 9.948981816420019442e-01
8.092041000000000395e+01 9.948956389759119334e-01
8.096923800000000426e+01 9.948930934482455024e-01
8.101806600000000458e+01 9.948905458343021424e-01
8.106689500000000237e+01 9.948879968658076445e-01
8.111572300000000268e+01 9.948854474376822576e-01
8.116455100000000300e+01 9.948828982927029330e-01
8.121337900000000332e+01 9.948803502281798883e-01
8.126220700000000363e+01 9.948778040416181856e-01
8.131103500000000395e+01 9.948752605285567929e-01
8.135986300000000426e+01 9.948727204804013180e-01
8.140869100000000458e+01 9.948701846822544104e-01
8.145752000000000237e+01 9.948676538589754648e-01
8.150634800000000268e+01 9.948651288802474735e-01
8.155517600000000300e+01 9.948626104474279641e-01
8.160400400000000332e+01 9.948600992988799741e-01
8.165283200000000363e+01 9.948575961559953384e-01
8.170166000000000395e+01 9.948551017211438863e-01
8.175048800000000426e+01 9.948526166756577194e-01
8.179931600000000458e+01 9.948501416778692263e-01
8.184814500000000237e+01 9.948476773108377857e-01
8.189697300000000268e+01 9.948452242821577141e-01
8.194580100000000300e+01 9.948427831193303872e-01
8.199462900000000332e+01 9.948403543701547225e-01
8.204345700000000363e+01 9.948379385504987349e-01
8.209228500000000395e+01 9.948355361427317911e-01
8.214111300000000426e+01 9.948331475942430169e-01
8.218994100000000458e+01 9.948307733160476340e-01
8.223877000000000237e+01 9.948284136333140903e-01
8.228759800000000268e+01 9.948260689771665222e-01
8.233642600000000300e+01 9.948237395936228022e-01
8.238525400000000332e+01 9.948214257362132384e-01
8.243408200000000363e+01 9.948191276166161723e-01
8.248291000000000395e+01 9.948168454038931463e-01
8.253173800000000426e+01 9.948145792238259899e-01
8.258056600000000458e+01 9.948123291583863548e-01
8.262939500000000237e+01 9.948100951997221886e-01
8.267822300000000268e+01 9.948078774325441742e-01
8.272705100000000300e+01 9.948056757594395672e-01
8.277587900000000332e+01 9.948034900841616901e-01
8.282470700000000363e+01 9.948013202657887133e-01
8.287353500000000395e+01 9.947991661189256041e-01
8.292236300000000426e+01 9.947970274140326419e-01
8.297119100000000458e+01 9.947949038778770570e-01
8.302002000000000237e+01 9.947927951510762146e-01
8.306884800000000268e+01 9.947907009612341200e-01
8.311767600000000300e+01 9.947886208646641304e-01
8.316650400000000332e+01 9.947865544203676746e-01
8.321533200000000363e+01 9.947845011477668420e-01
8.326416000000000395e+01 9.947824605278766663e-01
8.331298800000000426e+01 9.947804320046004234e-01
8.336181600000000458e+01 9.947784149861290670e-01
8.341064500000000237e+01 9.947764088054718012e-01
8.345947300000000268e+01 9.947744128861838453e-01
8.350830100000000300e+01 9.947724264975789099e-01
8.355712900000000332e+01 9.947704489210867917e-01
8.360595700000000363e+01 9.947684794109470374e-01
8.365478500000000395e+01 9.947665171961868058e-01
8.370361300000000426e+01 9.947645614826765570e-01
8.375244100000000458e+01 9.947626114552580168e-01
8.380127000000000237e+01 9.947606662401474731e-01
8.385009800000000268e+01 9.947587250664403635e-01
8.389892600000000300e+01 9.947567870294270476e-01
8.394775400000000332e+01 9.947548512523842756e-01
8.399658200000000363e+01 9.947529168490940599e-01
8.404541000000000395e+01 9.947509829262848324e-01
8.409423800000000426e+01 9.947490485861028020e-01
8.414306600000000458e+01 9.947471129285995195e-01
8.419189500000000237e+01 9.947451750145237526e-01
8.424072300000000268e+01 9.947432340266288975e-01
8.428955100000000300e+01 9.947412890340874281e-01
8.433837900000000332e+01 9.947393391536828444e-01
8.438720700000000363e+01 9.947373835126426256e-01
8.443603500000000395e+01 9.947354212511102522e-01
8.448486300000000426e+01 9.947334515245914721e-01
8.453369100000000458e+01 9.947314735063627067e-01
8.458252000000000237e+01 9.947294863490458994e-01
8.463134800000000268e+01 9.947274893498944115e-01
8.468017600000000300e+01 9.947254817089014045e-01
8.472900400000000332e+01 9.947234626935849144e-01
8.477783200000000363e+01 9.947214316005115187e-01
8.482666000000000395e+01 9.947193877573609067e-01
8.487548800000000426e+01 9.947173305248928621e-01
8.492431600000000458e+01 9.947152592988410813e-01
8.497314500000000237e+01 9.947131734688368088e-01
8.502197300000000268e+01 9.947110725912706730e-01
8.507080100000000300e+01 9.947089561346000863e-01
8.511962900000000332e+01 9.947068236513958439e-01
8.516845700000000363e+01 9.947046747371453002e-01
8.521728500000000395e+01 9.947025090315126938e-01
8.526611300000000426e+01 9.947003262194766826e-01
8.531494100000000458e+01 9.946981260323387586e-01
8.536377000000000237e+01 9.946959082030150112e-01
8.541259800000000268e+01 9.946936726488287972e-01
8.546142600000000300e+01 9.946914191996208965e-01
8.551025400000000332e+01 9.946891477795565262e-01
8.555908200000000363e+01 9.946868583622398008e-01
8.560791000000000395e+01 9.946845509709321131e-01
8.565673800000000426e+01 9.946822256786332916e-01
8.570556600000000458e+01 9.946798826080232026e-01
8.575439500000000237e+01 9.946775218827431653e-01
8.580322300000000268e+01 9.946751438208076834e-01
8.585205100000000300e+01 9.946727486440516408e-01
8.590087900000000332e+01 9.946703366705530458e-01
8.594970700000000363e+01 9.946679082657291504e-01
8.599853500000000395e+01 9.946654638414641481e-01
8.604736300000000426e+01 9.946630038551093067e-01
8.609619100000000458e+01 9.946605288083564256e-01
8.614502000000000237e+01 9.946580391948551814e-01
8.619384800000000268e+01 9.946555357030903988e-01
8.624267600000000300e+01 9.946530189089571872e-01
8.629150400000000332e+01 9.946504894778239736e-01
8.634033200000000363e+01 9.946479481119923083e-01
8.638916000000000395e+01 9.946453955488839815e-01
8.643798800000000426e+01 9.946428325591379904e-01
8.648681600000000458e+01 9.946402599446155790e-01
8.653564500000000237e+01 9.946376784833643736e-01
8.658447300000000268e+01 9.946350891391093629e-01
8.663330100000000300e+01 9.946324927417881101e-01
8.668212900000000332e+01 9.946298901965521244e-01
8.673095700000000363e+01 9.946272824286294112e-01
8.677978500000000395e+01 9.946246703808991896e-01
8.682861300000000426e+01 9.946220550114333037e-01
8.687744100000000458e+01 9.946194372909877846e-01
8.692627000000000237e+01 9.946168181468180158e-01
8.697509800000000268e+01 9.946141986747091268e-01
8.702392600000000300e+01 9.946115798145215292e-01
8.707275400000000332e+01 9.946089625621600261e-01
8.712158200000000363e+01 9.946063479133440133e-01
8.717041000000000395e+01 9.946037368610195495e-01
8.721923800000000426e+01 9.946011303927769776e-01
8.726806600000000458e+01 9.945985294882938588e-01
8.731689500000000237e+01 9.945959350637378904e-01
8.736572300000000268e+01 9.945933481816663368e-01
8.741455100000000300e+01 9.945907697297377004e-01
8.746337900000000332e+01 9.945882006309855194e-01
8.751220700000000363e+01 9.945856417882552591e-01
8.756103500000000395e+01 9.945830940818999322e-01
8.760986300000000426e+01 9.945805583675514372e-01
8.765869100000000458e+01 9.945780354739531814e-01
8.770752000000000237e+01 9.945755261496360689e-01
8.775634800000000268e+01 9.945730312662023342e-01
8.780517600000000300e+01 9.945705515080504044e-01
8.785400400000000332e+01 9.945680875764207896e-01
8.790283200000000363e+01 9.945656401361452348e-01
8.795166000000000395e+01 9.945632098140411159e-01
8.800048800000000426e+01 9.945607971973997596e-01
8.804931600000000458e+01 9.945584028326036607e-01
8.809814500000000237e+01 9.945560271753834947e-01
8.814697300000000268e+01 9.945536707838928958e-01
8.819580100000000300e+01 9.945513340257382540e-01
8.824462900000000332e+01 9.945490172720716782e-01
8.829345700000000363e+01 9.945467208479509269e-01
8.834228500000000395e+01 9.945444450316816010e-01
8.839111300000000426e+01 9.945421900542773530e-01
8.843994100000000458e+01 9.945399560990544341e-01
8.848877000000000237e+01 9.945377432562536590e-01
8.853759800000000268e+01 9.945355517037260951e-01
8.858642600000000300e+01 9.945333814350045820e-01
8.863525400000000332e+01 9.945312324411157423e-01
8.868408200000000363e+01 9.945291046652765532e-01
8.873291000000000395e+01 9.945269980032558355e-01
8.878173800000000426e+01 9.945249123038488737e-01
8.883056600000000458e+01 9.945228473694806004e-01
8.887939500000000237e+01 9.945208029152632356e-01
8.892822300000000268e+01 9.945187787368828802e-01
8.897705100000000300e+01 9.945167744603399251e-01
8.902587900000000332e+01 9.945147897108886914e-01
8.907470700000000363e+01 9.945128240721171631e-01
8.912353500000000395e+01 9.945108770872048698e-01
8.917236300000000426e+01 9.945089482602720299e-01
8.922119100000000458e+01 9.945070370578190655e-01
8.927002000000000237e+01 9.945051428716380482e-01
8.931884800000000268e+01 9.945032651752312436e-01
8.936767600000000300e+01 9.945014032927614878e-01
8.941650400000000332e+01 9.944995565563086171e-01
8.946533200000000363e+01 9.944977242687159658e-01
8.951416000000000395e+01 9.944959057054685303e-01
8.956298800000000426e+01 9.944941001166129890e-01
8.961181600000000458e+01 9.944923067287280150e-01
8.966064500000000237e+01 9.944905247105543245e-01
8.970947300000000268e+01 9.944887533207740216e-01
8.975830100000000300e+01 9.944869916911418528e-01
8.980712900000000332e+01 9.944852389747662613e-01
8.985595700000000363e+01 9.944834943116035442e-01
8.990478500000000395e+01 9.944817568305754918e-01
8.995361300000000426e+01 9.944800256516800330e-01
9.000244100000000458e+01 9.944782998881044334e-01
9.005127000000000237e+01 9.944765786131156693e-01
9.010009800000000268e+01 9.944748610030521574e-01
9.014892600000000300e+01 9.944731461279109341e-01
9.019775400000000332e+01 9.944714330944558478e-01
9.024658200000000363e+01 9.944697210129305187e-01
9.029541000000000395e+01 9.944680089990202143e-01
9.034423800000000426e+01 9.944662961757763098e-01
9.039306600000000458e+01 9.944645816754915657e-01
9.044189500000000237e+01 9.944628646063241595e-01
9.049072300000000268e+01 9.944611441947717179e-01
9.053955100000000300e+01 9.944594195764170363e-01
9.058837900000000332e+01 9.944576899381483148e-01
9.063720700000000363e+01 9.944559544846010013e-01
9.068603500000000395e+01 9.944542124396559268e-01
9.073486300000000426e+01 9.944524630478643878e-01
9.078369100000000458e+01 9.944507055758017300e-01
9.083252000000000237e+01 9.944489392770615721e-01
9.088134800000000268e+01 9.944471635383205221e-01
9.093017600000000300e+01 9.944453776634247788e-01
9.097900400000000332e+01 9.944435810189031777e-01
9.102783200000000363e+01 9.944417729988245247e-01
9.107666000000000395e+01 9.944399530256428088e-01
9.112548800000000426e+01 9.944381205509611465e-01
9.117431600000000458e+01 9.944362750562052433e-01
9.122314500000000237e+01 9.944344160149954925e-01
9.127197300000000268e+01 9.944325430462116477e-01
9.132080100000000300e+01 9.944306556859907609e-01
9.136962900000000332e+01 9.944287535400540001e-01
9.141845700000000363e+01 9.944268362460277899e-01
9.146728500000000395e+01 9.944249034735959114e-01
9.151611300000000426e+01 9.944229549245927613e-01
9.156494100000000458e+01 9.944209903330082367e-01
9.161377000000000237e+01 9.944190094241732725e-01
9.166259800000000268e+01 9.944170120772292121e-01
9.171142600000000300e+01 9.944149980815041312e-01
9.176025400000000332e+01 9.944129672981630863e-01
9.180908200000000363e+01 9.944109196194611533e-01
9.185791000000000395e+01 9.944088549683279821e-01
9.190673800000000426e+01 9.944067732978990604e-01
9.195556600000000458e+01 9.944046745909841389e-01
9.200439500000000237e+01 9.944025588159930429e-01
9.205322300000000268e+01 9.944004260999670386e-01
9.210205100000000300e+01 9.943982764679292208e-01
9.215087900000000332e+01 9.943961100151391674e-01
9.219970700000000363e+01 9.943939268631842854e-01
9.224853500000000395e+01 9.943917271591901086e-01
9.229736300000000426e+01 9.943895110750013977e-01
9.234619100000000458e+01 9.943872788063338186e-01
9.239502000000000237e+01 9.943850305256958233e-01
9.244384800000000268e+01 9.943827665660033288e-01
9.249267600000000300e+01 9.943804871433959969e-01
9.254150400000000332e+01 9.943781925401641297e-01
9.259033200000000363e+01 9.943758830579373376e-01
9.263916000000000395e+01 9.943735590167378513e-01
9.268798800000000426e+01 9.943712207540315040e-01
9.273681600000000458e+01 9.943688686237741603e-01
9.278564500000000237e+01 9.943665029468792271e-01
9.283447300000000268e+01 9.943641242043316231e-01
9.288330100000000300e+01 9.943617327455475108e-01
9.293212900000000332e+01 9.943593289809540270e-01
9.298095700000000363e+01 9.943569133327508913e-01
9.302978500000000395e+01 9.943544862339833701e-01
9.307861300000000426e+01 9.943520481276353351e-01
9.312744100000000458e+01 9.943495994657262083e-01
9.317627000000000237e+01 9.943471406579706962e-01
9.322509800000000268e+01 9.943446722725406417e-01
9.327392600000000300e+01 9.943421947330550736e-01
9.332275400000000332e+01 9.943397085189696893e-01
9.337158200000000363e+01 9.943372141144929399e-01
9.342041000000000395e+01 9.943347120077782320e-01
9.346923800000000426e+01 9.943322026901257882e-01
9.351806600000000458e+01 9.943296866552067126e-01
9.356689500000000237e+01 9.943271643465775300e-01
9.361572300000000268e+01 9.943246363636847329e-01
9.366455100000000300e+01 9.943221031511766395e-01
9.371337900000000332e+01 9.943195652046932231e-01
9.376220700000000363e+01 9.943170230185544023e-01
9.381103500000000395e+01 9.943144770850658176e-01
9.385986300000000426e+01 9.943119278938303829e-01
9.390869100000000458e+01 9.943093759310718260e-01
9.395752000000000237e+01 9.943068216266348625e-01
9.400634800000000268e+01 9.943042655626170845e-01
9.405517600000000300e+01 9.943017081588350070e-01
9.410400400000000332e+01 9.942991498813936735e-01
9.415283200000000363e+01 9.942965911897514442e-01
9.420166000000000395e+01 9.942940325360891674e-01
9.425048800000000426e+01 9.942914743646856790e-01
9.429931600000000458e+01 9.942889171112913038e-01
9.434814500000000237e+01 9.942863611501852050e-01
9.439697300000000268e+01 9.942838070029125230e-01
9.444580100000000300e+01 9.942812550235974323e-01
9.449462900000000332e+01 9.942787056077577734e-01
9.454345700000000363e+01 9.942761591393515230e-01
9.459228500000000395e+01 9.942736159901895965e-01
9.464111300000000426e+01 9.942710765193556455e-01
9.468994100000000458e+01 9.942685410726400663e-01
9.473877000000000237e+01 9.942660099301946497e-01
9.478759800000000268e+01 9.942634835132506677e-01
9.483642600000000300e+01 9.942609620725636477e-01
9.488525400000000332e+01 9.942584458953561688e-01
9.493408200000000363e+01 9.942559352529479755e-01
9.498291000000000395e+01 9.942534304003102230e-01
9.503173800000000426e+01 9.942509315756333788e-01
9.508056600000000458e+01 9.942484389999400873e-01
9.512939500000000237e+01 9.942459528258814627e-01
9.517822300000000268e+01 9.942434733409643011e-01
9.522705100000000300e+01 9.942410006617823370e-01
9.527587900000000332e+01 9.942385349376120507e-01
9.532470700000000363e+01 9.942360762992790146e-01
9.537353500000000395e+01 9.942336248590697423e-01
9.542236300000000426e+01 9.942311807107140353e-01
9.547119100000000458e+01 9.942287439294437146e-01
9.552002000000000237e+01 9.942263145224528031e-01
9.556884800000000268e+01 9.942238926279884925e-01
9.561767600000000300e+01 9.942214782171395759e-01
9.566650400000000332e+01 9.942190712934302343e-01
9.571533200000000363e+01 9.942166718435020423e-01
9.576416000000000395e+01 9.942142798377520130e-01
9.581298800000000426e+01 9.942118952310746716e-01
9.586181600000000458e+01 9.942095179637303604e-01
9.591064500000000237e+01 9.942071479138716583e-01
9.595947300000000268e+01 9.942047850926643004e-01
9.600830100000000300e+01 9.942024293543176849e-01
9.605712900000000332e+01 9.942000805917700079e-01
9.610595700000000363e+01 9.941977386896005964e-01
9.615478500000000395e+01 9.941954035256999056e-01
9.620361300000000426e+01 9.941930749730705230e-01
9.625244100000000458e+01 9.941907529017751655e-01
9.630127000000000237e+01 9.941884371336570103e-01
9.635009800000000268e+01 9.941861276341334985e-01
9.639892600000000300e+01 9.941838242299959605e-01
9.644775400000000332e+01 9.941815268017175633e-01
9.649658200000000363e+01 9.941792352385582232e-01
9.654541000000000395e+01 9.941769494412768804e-01
9.659423800000000426e+01 9.941746693249391420e-01
9.664306600000000458e+01 9.941723948218151863e-01
9.669189500000000237e+01 9.941701258379476158e-01
9.674072300000000268e+01 9.941678624419341137e-01
9.678955100000000300e+01 9.941656045892028892e-01
9.683837900000000332e+01 9.941633523110856574e-01
9.688720700000000363e+01 9.941611056713886008e-01
9.693603500000000395e+01 9.941588647694523662e-01
9.698486300000000426e+01 9.941566297431603250e-01
9.703369100000000458e+01 9.941544007718549070e-01
9.708252000000000237e+01 9.941521780336854963e-01
9.713134800000000268e+01 9.941499618902014390e-01
9.718017600000000300e+01 9.941477526156570210e-01
9.722900400000000332e+01 9.941455505814354998e-01
9.727783200000000363e+01 9.941433562123710432e-01
9.732666000000000395e+01 9.941411699883265785e-01
9.737548800000000426e+01 9.941389924453741811e-01
9.742431600000000458e+01 9.941368241765365932e-01
9.747314500000000237e+01 9.941346657879153170e-01
9.752197300000000268e+01 9.941325180749631674e-01
9.757080100000000300e+01 9.941303817562594514e-01
9.761962900000000332e+01 9.941282576488484901e-01
9.766845700000000363e+01 9.941261466214533771e-01
9.771728500000000395e+01 9.941240495911295438e-01
9.776611300000000426e+01 9.941219675189699734e-01
9.781494100000000458e+01 9.941199014047796823e-01
9.786377000000000237e+01 9.941178522388296468e-01
9.791259800000000268e+01 9.941158211617050489e-01
9.796142600000000300e+01 9.941138092034828011e-01
9.801025400000000332e+01 9.941118174415523034e-01
9.805908200000000363e+01 9.941098469465314835e-01
9.810791000000000395e+01 9.941078987686965407e-01
9.815673800000000426e+01 9.941059739226492109e-01
9.820556600000000458e+01 9.941040733701398402e-01
9.825439500000000237e+01 9.941021979627479022e-01
9.830322300000000268e+01 9.941003485737263112e-01
9.835205100000000300e+01 9.940985258440244721e-01
9.840087900000000332e+01 9.940967303105897601e-01
9.844970700000000363e+01 9.940949623393484647e-01
9.849853500000000395e+01 9.940932220942283459e-01
9.854736300000000426e+01 9.940915095034240645e-01
9.859619100000000458e+01 9.940898242227689252e-01
9.864502000000000237e+01 9.940881655623660107e-01
9.869384800000000268e+01 9.940865325790735341e-01
9.874267600000000300e+01 9.940849238265604404e-01
9.879150400000000332e+01 9.940833374420909863e-01
9.884033200000000363e+01 9.940817710590656997e-01
9.888916000000000395e+01 9.940802217500454008e-01
9.893798800000000426e+01 9.940786859658889973e-01
9.898681600000000458e+01 9.940771594708472936e-01
9.903564500000000237e+01 9.940756372423044107e-01
9.908447300000000268e+01 9.940741135219460789e-01
9.913330100000000300e+01 9.940725815510000896e-01
9.918212900000000332e+01 9.940710336124004565e-01
9.923095700000000363e+01 9.940694609123318370e-01
9.927978500000000395e+01 9.940678534880866835e-01
9.932861300000000426e+01 9.940662001108883095e-01
9.937744100000000458e+01 9.940644881835443147e-01
9.942627000000000237e+01 9.940627035953999435e-01
9.947509800000000268e+01 9.940608307568623569e-01
9.952392600000000300e+01 9.940588522619380196e-01
9.957275400000000332e+01 9.940567489082409169e-01
9.962158200000000363e+01 9.940544995310719445e-01
9.967041000000000395e+01 9.940520808673044550e-01
9.971923800000000426e+01 9.940494674131999941e-01
9.976806600000000458e+01 9.940466312760363188e-01
9.981689500000000237e+01 9.940435419533373285e-01
9.986572300000000268e+01 9.940401664298622597e-01
9.991455100000000300e+01 9.940364686313496456e-01
9.996337900000000332e+01 9.940324094973176372e-01
